3333333333343333343334334 3-333343(3)334333333333
33337337 3337 3333 (34443 3) 3337333337-3343343333473
33337433333334333. 44447474 337334 34333 44333

3 3 433333 3 343373 334 3333 34333433 503-50351117530-531
334744 743 3433 3 333 33333373 7337-333 744 7333 3 373 X 154
437 4337 3337373 3433 3333 47433.

333433 347 377 334 3433 333 3--33-33333,

3343343) 333473 3 333 343 3 33 34 3-33-3-34 14· 5—3.

433 3 33 3433 A 40 33 33 343 3-34-333433 3333-334.
3334337433(343)333 3433 437 33-3734.

337 3 733 333 7434 344 347 373 33-3 3 334 Ν 433-433.
[433-437-33 437 34 357 013 4333 33-3 7434.

333 3357 433 333 [(3-434-33 33-3 3 333 333347 4 433 μ 333
A 53 330 N 353 437 333 333 ’,3443 3 343-344 333-334 χ 33 - 53
474333 434 477337333 3333343) 343433333344
3333433343337 73333 7433433 34-3-43 3 337-333.

473 Χ 433333) 3343 33 334 (343)(33 33 - 33 M 333.

433737 733 (333) 770. 34 -33 - 33 3 34-33.

333434347333333333443 33-3433373373.
47343. 33-3334344734447344433
333333333333343333333334 3337 7373 33733347.
3433333343337334 4334433 3--3433
3333 3477 3433433 337 334 33-(34333343333373.
4343444343334333433333 3-333333.
33334434433333733434443 --337443
3433 33344433 3333333343 ἤι’-333743.
3443 434 34333 4443 437 4433 33’-33’Λ443.
333 333333 0170 435 17433 P435 33 -« 333 4373 7 [17⁷]-
733 7333 x 33 3 333 333 43 733. mquam, 1351, 33) 3343 3434 334343 ι’)

3-3 3733 3433-437 3433-434 3 34 3433 3333.

7433-433 [734-733. 33 433 333 3334 3433 3 443 433
3-33333-337 3333 3333 3333- 33 3 333 4 33 434 3443 333 334
33343334-333734. 34373434343334333373347
3-3-34433. 3433444774333333433
3-3 3343 3 373-374 3 444-443 44 434 A 153 44333 3343343 773
3333 7 344-343 A 434-433 ’7334 334 3 433 14 333 374 Ψ 443 534.
-335 43 733-734. 33 3 447 A 333 3 553 A 313 47333.
3.-33347 3333 744 734334 3433 33733 33434 343 33333433 3334
3333433434 3374 3374 4334-333 A 43 333 ’334 0533 Ψ 315.

,337 333 3334 3373 473 4333343 3433433 34437 737 3333 44433333.
3433 3433-434 3437 434334 343333333334333.
734333-343434 433 374-73 344 343 7443 3433 444343 47343 7334
344 4337 A 431336 443333 0140¹ 237 0 105 153 435 41403.

374 373 7343-343 333 3443 3433333434 337333337333334
34333433333333 33447473.

ἢ-ἣ-ἢ 4415 A 138 Η 173—130 ἥ (interrog.) v. 3. v. ἦ.

3444. 3-33333. ·

3-3--3-33 A 145-145. 333333.) 3 333 334 β 33 333 33334
· 3-- 34 3433. 433 333333 353 770 3433333 3333
3-33 333 Ν 333 34433-443. 373 333 3 373 3 33 433 337 3 33 330
3-343 33 3333 3 333 333 3334, 333 4 433447 433343 μ 333337 373

 

