791

τίς (111535.)α282 302 6216 5120200
535354 535 115 1543 355 1153
535 5444551554 145351311
455 455 410 502 543 4151 1515
411 151334 135143 1135 331
4331335 445 53513151 3555135
553 515 1141334 1151533311435
υ 45 100 303 5345 ω 155 551 313
4155 3535 515 33 455 15115 151
411511 1451 51131445 555 355
155 51 535 11 33 153 555 54524 155
11155455 :1:30421 5315 11555
553 551 33 133 335 545 551 5333
5 513 515 Ψ 153 535 155 345 11143
113 555355 433 554 553153114
τίς (fem.) β 101 5260 6695 1120
μ155 1151145555 551 ω 135
4141545.

11511305 τεο α 217 5348 6264
1431 011⁵ 1153 311 5515 355

τις - τιτυσκόμενος. 792

82821197 Λ797 Ν32Π39 ’1264
Χ 453 11436.
τί β 303 1 203 ι 110) E 817 Ρ 446.

“ 115 155135 ξ 515 1555.

τιβ 3244179 598 99 6163 (1113)
328 329 820 1239 11200 956311)
1267 339 3484494 813 51301 ξ463
466 527 375 1188 320 5 568 543
107 223 5292 5217 5397 573
Λ301394 Γ83 Δ 93 234 8374
567 1196 249 538 Ν 52 1200) Ξ 62
Π 12 Ρ32 242 2138 Φ 274 [510]
Χ305 437 5144214113313315
11300344 4213 5554 515 538
166 5193 591 11 329 A 108 Δ 184

“ 1151 11353 15 15.

11555 τ 218 (6111156 -).

μή τι, μηδὲ τι, 56 τι, 0334 11 1. 31.
μή, 511566, 511, 5664.

μή οὐ τι 1131. νὺ. ·

Β 388 390 Ε 897 Ν 252 559 Σ 192 τι(5155613111.)οι 202 1167 71 y 12 367

τινιξ96 Ρ68 1154502 5114 Π227
τῳ 1132 ν 308 v 297 Α 299 Μ328
11158199 6690 ζ176200 1125 165
513 1427 53184581 516 5377
5414 005 365 51 223 Α62 3355
, H 196 1101 Κ 343387 Ν 224 272
455 5713 5131353 1355 5115
τινά 6141 ζ278 0146 1418 11380
15 577 1380 χ 313 Ε 638 Ζ488 Η39
I 305 371 11206 207 Ν 456 0571 464 0245 1751 Τ184 361 Φ101.
Ψ579 14256 494 τινὰ4618 17629 μήτι, 11116111, οῧ τι, 5116611 131.
τιν’(α) 5192 η 31 0133 212 n 267 μή, μηδέ, 56, 5665

1121 394 423 4430 11256 261 361 τίσις α 40 β 76 ν 144.

5364 401 54862 409416 5324 τίσιν Χ 19.

5261 374 χ67 ω 61 A 289 Γ 220 τιταίνετον Ν 704.

687264 292 605 632 690 ι 253 11552
5208 3481229 ξ373 387519 83 378
1197 203 5470 509 5416 1135 263
325 5324 381 5111 5174 44115
Β238Ε879 Ζ465 486 Η 28 48 Ν 236
251 284 446 521 811 Ξ 190 0203.
736 737 Π 303 P401 Σ 180 392 Τ56
Τ17 Φ 192 2880115) 316 21265 279
358 382 34153 171.
τί6 193 4624 ν319 ξ387 591 362 365
1111411421 7621645Λ719Ν256

5 415 321 1 153 5535 553 1555
543 1131541531135135551 111151
543333 1155345 5151153555
5515 351 T 11 1355 5 533.

11111153.) 1544133 1413 E 422 454
151 Λ 134 1135 2122 1115 3311
11 13 A 135 5114 1131 5115)
4453 53545115 5531 1451 μ533

τιταίνετον (iptv.) Ψ 403.
τιταίνων Β 390 8266 Μ 58.
ἐτίταινε 11 354 869 11203.
τιταίνοιτ’ 5 259. ,
τιταινόμενος 4 599 Χ 23 Ψ 518 11151μ
νομίνοι β 149.

ἐτιταίνετο Ε 97 τιταίνετο Λ 370.
τιτήνας Ν 534.

1325 ξ89 11355 1157 570160 1115111515 Β 735.

χ 40 Π 13.

τινε 6 26. ’

τινες 1279 5587.

τινας β 326 4371 τινός 0735.

μή τις, μηδὲ τις, οὔ τις, οὐδὲ τις
551. μή, 51566, 56, 5664.

110408 473 5195363122Λ362

Τιταρήσιον Β 751.
'firmes Ξ 279.
Τιτυόν η 324.

Τιτυὸν 4 576.

τιτυσκόμενος 5421 χ 118 15181 A 350
Ν 560.

τιτυσκόμενοι χ 266 Γ 80 τιτυσκομένων

 

