809 ὑετὸν - υἱός. 810

11300ος44266 475 4209 ιι 514 μ306
1537 3755 8369 Π229 <4300
31211152 56014470 ι 392 44520128
μ363 χ439 453 045 H 425 Λ830
846 Φ258 11149 111282 33000110
146,γ 338 429 3213 216 359 478
511 ε 100165 ζ91 3426 436485
227 470 κ 56 108 358 μ104 172
236 240431 ν4090294τ387 0153
φ270 3752 825 Γ270 A 453 Ζ457
115171174 Μ33 3271435 Π4
161385 Ρ747 Σ347 ΦῙ4 [158]
Ω 303.
ὕδατ’(α) ν 109,
ὑετὸν Μ 133.
υἱός 04181 383419 [1235 415 γ 64111
189 448 321 188 303 641 3334 1197
1318 ξ499 [515] 059 337 048178
“ 308 363 395 0477 042 284 [413]
0270 0140 144 256 335 χ141 350
00 243 370 515 526 Α 9 489 3564
638 727 736 756 826 Δ367 395 379

101 179 184 229235 241 276 283 376 ’

406 565 631 683 3130 144 Η 167
6118 265 11229 314 412 426 487 494
A 518 605 785 814 837 Μ 182 Ν 400
663 701 771 8520 O 281 Π 522 626
665849 Ρ79 288 429 474 Σ 12 Τ326
Φ 152 Ψ 289 302 472 538 541 755.
015ςο 217 β17 γ167 352 3 157 169
186 555 630 648 660 789 θ 114
1270 4317 0[63] 141 144 256 554
π 11 339 03 212 545 ’431 0283036
432 χ 159 191 41143 ω 151 305 492
3552 566 624 672 705 741 746 847
A 228 403 Ε 25 95 105 163 246 247
319335 396468 Ζ 23 119 512 1123
37 1543 K 50 57 196 A 338 575
Μ1 331 355 Ν177 299 643 690
694 11166 250 338 463 0111 333
338641 Π 174 197 307 571 718 720
804 Ρ 9 197 284 293 326 467575
Σ 16 Τ82 103 208 Φ 41 97 139 369
579 Ψ532 596 665 678 Ω 141 599ζ
υἱέος 7489 3 4 1174 0 187 0 162
Ω 122 141ος1452 0397 v 218 Β 230
3266 Ν522 39 0116138 Σ138
Τ 324 111746 51422 550 υἷοῦχ238.
υἱέι γ369 6510043845241461 40213
1114 0455 01410111 51414340
Σ 144 458 Τ81 Φ 34 014 (1143 771
λ 273 ξ435 1120 791 Ν216 11177
11302 Ψ383.
υἱέα Ν 350 01043 765 ν 259 υ 35

01110 0419414 υἷ’(α) 0155 5450
y 190 0324 1568 576 ν 413 ξ 123
164 0194 519 0214 τ368χ216
ω 505 A 505 3406 A 98 115 194
195 365 Ε 69 108 232 343 480 612
688 843 881 Z 154 366 437 Η 179
184 583 K 110 A 490 563 591 Ν67
171 427 759 0430445515 517526
576 639 Π 14 278401 586 595 2115 .
306 312 653 Τ4 117 Υ 396 484
Φ330 378 Χ35 90 Ψ634 1147
227 237 583 737 υἱὸν α 88 β 386
7398 460 215 415 η140 018
4505 [531] 1103142540 ν343360
024103 0118190 0111 φ25
Α 21 510 Γ37 307 A 89 327 399
473 499 Ε 43 49 59 77 154 169 314
318 377 672 675 38 96 203 277
474 Η 8 8120303 362 1455651 ,
Κ 175 516 A 197 Μ188 292 Ν451
519 555 Ξ 451 490 067 239 522
Π 185 192 447 604 738 827 ΡΙ 59
89 345 553 590 602 681 Σ 55 326
436 455 Τ 24 132 1219 236 474
Φ 546 ἶ11391 Ω 118 146195 333
0113335 14780136 32773463159
A 131 Ν249Π21203 Τ216 υἱὲ
6462 543 323 60 A 93 338 370
1147 8152 1202 3509 Λ200
450 0243Σ18 Τ2 118250.
υἷε Β 679 822 831 843865 Μ 95 99
υἷε (acone.) 0 242 E 27 152 542 Λ 102
329 1410 υἷ’(ε) 44490.
υίὲεςκδ τ414 430437 459 3518641
666 Ε 10 A 138 692 Π449 51604
υἱεῖς 0 248 01387 497 υἷεςβ51 γ104
139 325 412 3285 ζ62 3514 ν 315
ξ2012400153 4112200438 Α162 237
276 368 392 3253 281 512621 722
A 114 Ζ 255 11403 130 50 670
695 Κ 165 A 262 800 Μ 56 Ν 146
220 Ξ 421 0675 Π 42 56 328 698
Ρ23 Σ 200 444 Τ317 Φ 376 544
11369 Ω 399 495.
υἱῶν ω 223 Q 587 Χ 44.
υἱάσι γ 57 387 ξ 206 ρ 113 Ε 463
0197 51546 υἱάσιν γ 32 κ7 0466
0122011248 υἱοῖσιν 1418.
014ος62113693 3149 Λ123 Ψ175
181 51205 521 υἷας β 115 198 ξ 229
1394 χ221 Α 240 372 83129 193
195 234 370 Ε 159614 140 82247

 

