299

464 466 470 514 525 541 Λ 3 35
45 48 51 56 135 161 194 209 235
239 371 412 442 569 600 619 6231
630 639 640 756 828 830 846 Μ 76.
85 90 151 158 239 252 265 436 443
Ν 27 107 308 333 381 485 542 543
565 611 654 665 822 832 834 Ξ32
51 57 165 229 254 284 308 350
354 361 381 437 441 449 044 80
116 263 305 321 358 385 388 393
413 459464 467 494 567 579 582
589 662 685 722 743 Π 69 120 170
199 201 223 247 310 382 392 395
410 413 547 567 579 608 612 664
700 751 754 Ρ58 85 107 210 235
263 300 400 4320118) 434 455 528
543 550 574 601 622 650 691 692
706 723 725 736 Σ 14 76 198 215
259 275 280 294 310389 422 447
461468 496 501 504 529 594 602
612 Τ71 135 160275 277 279 301
338 Υ9 26 35 53 226 315 345 353

1 888188 8 81 88 81 118188 [188]

251 254 297 373 374 426 489 526
Χ 60 93 170 206 208 225 326 417
429 463 465 500 515 Ψ 3 42 53
59 65 112 143 188 226 232 251
256 274 290 320 332 356393 689
727 731 759 766 776 840 853 876
883 892 Ω 1 10 38 43 118146195
199 203 231 254 271 272 280 289
295 313 336 351 392 459487 519
532 538 564 578 671 722 746 776.
51181218 8161171408 η 104 0403
563 1428 1367 8313 ξ92 357
11315 σ 33 131 8) 20 82 [1162515
3523 Γ119 Ε 178 327 479 Ζ 15
H 63 0180 334 490531 I 425 539
K 18 304 389 510 531 Λ 274 281
370 400520 Μ 38 168 403 Ν 91
104423 762 Ξ 65 67 367 0248259
603 Π 18 261407 535 719 840 Ρ397
416 447 453 625 736 Σ 7304 2229
0110 445454 Χ45 97 246 334 392
484 Ψ 202 849 Ω 272.

ἐπ’ α 98 104 149 162 183 185 190
299 β 263 284 370391 γ 90 105
142 164 171 252289 353458 6 67

5717 - ἐπιβήτορα,

7

300

237 332 535 κ 88 88 88 88 118118

811811 1118818 8818181818) 818
71⁰5 171 177 200 233 351 352
122 v 50 71 113 118 188 188188
188 188181 879 118888 a 18 81
181 888 888888 888 881888 ρ 88
118 888 888 888 113155135 0 55
118 137 233 353 t 53 81 181181
8818188 188 881 888 888 8181
118 177 132 818 181 184⁷ 88
188 888 888 888 888118 81118
125211317 8 81 188118 881 818
881 888188 888 888 888 113 213
350 888181 188 888 881888
88 188 188 818 312113121523
188 181 05 15 132 335 A 213 273
118181 501 311 88 [18] 88 181
111 231355 881 888 818 888 888
888 550 723 731 713323311350
888 z 25 18 181 818 181 H 133
131 155 157 233 215110115 81
888 881 888 888 888 888 888 888
181 811 118 81 881 811 818 888
188 188 888 888 313 88 88 81
13521323715733511 18
188 888 881 888 231313150133
888 888 118 118 888 M 51 113
201 [213] 210 215 233 312 375113

11118 181 881 881 303 323 332 353
301 375 735 733 300 88111 157
181118 0 27 102 888188 531 725
17137 188188 513 551 702 770
P 50 118 118 888 888 811 188 881
811 888 2 210 317 557 555 T 32
118181 223 235 888818 188 181
118 881 888 888 888888 811 118
818888 81188 188 818 818 81
888 888888 888 881 888188181
188 811 811 118 111 181818 881
8 88 188 888881 818 818 888 818
117 522 535 530 527 555 535 711.

35’3 58 ε 2518 537 Γ 45.

88881 818818188 1188188188
888182 3 818888 881888 8888
515 0351 A 352 3 213 3150 135
3110155515 151311275581515
M 88 881 111 101 153 3130 227
0155 723 17 888188 3 531 T 237

131 213 313 352 131 132 818 811 818 888 Ψ 888 811 8811888118
550 713 322 ε 1118888881 118 188.
118 118 151 153 153 1818888881 55’1350 N582 881. .

277 420 425 489492 ζ 52 75 138ῡ

888 888 818 120 153 150 233 3 11Ι

ἐπίβαθρον 8 449.
ἐπιβήτορα 1 131 8278.

484 508 ι 83 85 128 129 182 2804 ἐπιβήτορας σ 263.

 

