763

ταχυτῆτος - τε. 764 ζ

τάχιστα α 85 γ 175 421 6 473 544 7371 283 327 366 432 474 476 Η 139 140 ’
ε 112 492 ζ32 289 6434 1223 ξ407 190 277 3180113) 319 920 24 48 184
0 14 293 ττ 152 349 466 σ 263 ω 360( 185 275 283 307 340 346 (conf. ve-xal) ,
394 446 518 Ι 48 83031) 171 200 366 ¹
5000113) 594 639 653 Κ 76 158 190 f
0 146 453 Ρ640 692 Σ 344 Φ 311 308 320 374 395 419 429 532 542 573 ’
333 466 X 129 Ψ 71 197 403 414; Λ83 (133 *καὶ-ἤ τε) 89 163 164181 =
Ω 263 554 635. 480 529 538 554601 647 659 668 706 Ῑ
mem. gwmfflmffimwmm‘
00301 300-3300οΜ303Μ
ταχυτῆτος Ψ 740. 92(1113)103108 195 230 373 637 764
ταχυτῆτα ρ 315. 784 792 31201 302 4670113 0 38 82
τε (conf. 6 et ὅς τε Ι) 3-ο 3111)) β 9 57 214 302 36800111. τε-κα1 413 558
153 358 y 113 154 223 290 293 457 621 Π 24 119 224 246 335 416( J
480 672 73 119149 1500113) 233 370 432 489 530 616 773 798 Ρ 378 505
393 419 483 597 6040113) 801 831 663 669 Σ28154168 2090) 275 327
ε 186 454 ζ 111 171 320 η6 116 148 356 391409 412 415 469 474 495 574
197 203 333 303 303 312 333. 0 31 3300033131) 3193 221 (ιε-«1033)
61 69 1120113) 113031) 140 204 302 239 (conf. τεκαὶ) 259 (conf. τε καὶ) 293
305 341 363 400 440 441 524 180 97 311 314 361 Y 18 400113) 60 93 199
1670113 186 456 κ 147 155 200 225 237 238 305 492 497 Φ 199 ,12 665
2390113 242 386 404 424 5150113) 127 155 204 282 296 338 399 502
527 567 572 1 23 34 55 87 110 131 Ψ45 46 102 1160600116 τε 66χμ1011’)
244 250 320 321 (013) 3260113) 332 347 132 148 198 255 260 (θ’ ·- τε--τ’)
362 395 419 426 571 590 631 μ 53 261 (ἠδὲ-0 295, 395031) 442 483 (6116
134 137 163190195 196 260331410 τε πάντα) 493 498 (οῗ 0853111013) 503
430 ν 3 11 191 218 238 (τῆνδὲ vel) 568 608 666 719 Ω 3 34 37 193 264
295 304 408 ξ109 158 251 268 472 353 377 (τε - δ’) 430 459 471 576
494 513 [517] ο 98 207 209 210 229 580 624 (513) 630 665 690 698 701 782.

436 532 Γ 102 Δ 193 269 465 Ε 690(
Θ 9 1165240621 626 659 Ν 286 326

233 248 258 305 339 378 (καὶ - τε)
3fflmmfflfflww2m
mwfflfflmfflmffl
wwwwmmmffi
oefflaemmmmm2
mmmmmmmffl
mmmmmmmm
mmmmmwwmss
mmmmmmmm
wmfflmmmmm
mmmmwmmm
mmmmmmmm
wmwfflmmfflw
ffimmffimwmmffl
fflmfflwmfflmm
mmmwmmmm
fflmmwmwmffl
5mwmfflmfflmw
ffifflwmmwmm
mmmfflmmmm
7mmmmmmfflffl
Ammwwwmww
mfflmffimmfflm
mwmwmwmffl
mwmmmmwmQ

τέ 0321 392 (τέ-καὶ) 3610 3181
1232 175 206 ν 288 ξ 468 503 0346
ηο04μ300133ηο
Γ35 Δ143 Ε170 372 2485 1186
Κ 186 Λ88 115 670 Μ 452 0682
Π 753 Ρ572 Χ142 24203 337 629
693 Ω 127.

ffwmffimfflfflffl
374 (1113) 0 73 150 298 299 3110113)
mmmfflmmffli
6116 περ) 167 181 (bis) 209 217 388
ζ 108 113 210 2540113) 293 320
η 330 (bis) 337 338 0 158 1940113)

mmfflmmmmm

mmmmfflmffiw
mmmmmwmffl
wffimwmmmffl
mmmmmmm
ffiwwmmfflmm

ffmmwmfflmm

mwmfflffimmw
4mmmwmfflm
wffimfflmfflw
wffifflfflmwfflmw
wmmwmmmmwmfflffl)

 

