· 291 ’ . ’ ἐξεσίην ’-,- 3ὸς.

004 00 0404 μ 400 0400 0004 0 4444 000 0 024 0000 0 371.
- 247132313333411A4433241 333314114823011404.

. · ’ 0137011240 41483οΩ274, 30041195 ὃ 338 042115 0533 ν 52

040004400οο 0404 4004020004 004400. 0 420 0 240 0 040 4420 000 1⁷ 20
ἐξεσίην φ 20 50235. 277 Ψ 3.
ἔξὲτεᾫι) Ψ 266 655. · ἑῇσι ,Ω 165 ἑῇσιν 3148. ·
04000000 0 000 040. 000 0 300 0 303 00 0 0 Γ 333.
(τριηκόσιοί 00 001) ἕξήκονταξ 20. 05 η 3 0333 00 411 ψ 150 00 56 A404 ·
04040000 (000000) Μ 200. . z 433 0030 Ψ 222 040 40 00 422.
0000000030002400400. J 00240000 000 04 0420 0203
0400000000 (000000) 0 240. 0200 4 32 33 000440 0 200 0 400
ἑξῆς 0. 0. v. ἑξείης. - 0540 ’φ 27 χ117 057153 o 333
ἐξονομακλήδην μ 250 Χ 415. Ε 71 Ζ 53 170 500 -Η 127 Θ 284
ἐξόπιθε Δ 298. Ἰ 406 1598 Κ 270 Λ783 Π 522 Ρ 196 ’
ἐξόπιθεν Π 611 Ρ 521 527. Ψ 350. ·
0000000 000 0444 A431 40400 0430 · 00040000 0200 0202 0044 0200
Ρ108 357 X 467 Ψ 727. . 298 355 376 407444 464 κ 115 1234

‘ - 4000000200340002204020οΞ440. 20000004240404022240020

00χο00 400 403 Σ 00 400. » 0244 0 30 0 00200320 0204 ψ 040
ἔξοχον (0004404400.) Ζ 194 Τ 184. 0050510806 2202 474 111731220
440000 0 220 (0). , 404 1132 A 400 400 004442 00440
0000000200. · - 440000 4200200442 2004
ἔξοχον (pro adverb.) 3 171 0118 ζ158 3343 Φ 53 330 378 552 Χ 08 363 ,
02404004044 40400 2000. 0000. ·
ἕξοχαθ487ι551043207071078 ὣ(000140.)0198Μ 1620307.
0 04 ,0200 0 443 434. , 00 0 404 0240 E 323.
000000) 0020 0 400 χ244 0030 0400. 0000 0 40 0404 204 004 020 0 43·
44000000004ξο2οχ0000430-0404 000 0000042003042240 000
A437 P233 00240.Ι 0 · 02000000 0440 0004 A 307
00000 0. 0. v. 0000. · - Ἰ 34000400000400.’
ἑορτή v 156. · 0οςΒὸ32 A 294 Λ330 0249.
ἑορτὴ φ 258. 0700251 Ίῖ235. .
0000400440. Α 004000200404004404 00042
40000400 02000002 4002200 000.
44 2002040000 40000 402 400 000040000000000400.
00440400044044004020440 0000000040. ·
00000440000. ” 00004040200040344040 00000
000 0 00 0 434 0 402 202 0223 3043 0440200 3132 0 440 3 773 0 044
42040400040223. 4400 A731 000020004240403
4000002 0400 40200 4000240 0404 400 0304 444 Ν 000 0 733.
00 0442 0 0 444 0200 0300 004 002000400430400 0430004200
0230 2000044340004000002 00004032404.
0123211132713232233 311. 00044000230040042000400
0000040, . , 020 040400 4000440400 040
000 30244. · 04000202 0000200004.
4000020. 0004 0204004 0440000004
4000 3 321. 11 300 00 00. ‘2⁵⁴⁶
400 0 200. 0000 0 004 0402 A 223 N373 00
400(00000.)0400024002024003 024 0022 000040 20 444 0304
40043. 04000444 220 040 00020240
000004300402403 4000000440 0400402442003000400000
4020403000304222 00000240. 00204. “ 0
00020003000420. 00000322 034 0240 4200 0300
40 00 000. 0000 A 374 734 40000 002 P 200

 

