049 νήστιες —

νήσονα85γ270 6368 ε55 6οή254
1130 146 153543 xl 55 135 195
308 170 μ3127 135 143167 201
261 269 274 276 333 403 448 ψ333.
νῆσοι ι 22 νήσων 6 607 ν 234 033
3626 Φ 454 Χ 45 νήσοισιφ347
3108 νήσοισιν α 245 0299 ιι 122
ι 130 νήσους Β 677.
νήστιες σ 370.
νήστιας Τ 156 207.
νητὸς β 338.
νηῦς «185 δ 356 3151 ι348 1132
μ2 66 69 166182 205 ν95 161 ξ334
339 ο 294 446 457 473 π 322 τ291
01239 308 Π 234 T 247 Ω 336.
mwmfflmmwffimm
’ 528 τ 243 A 476 Λ 603 νηὸς α 171
260 β319 332 416 428 γ10 12
281 353 431 ε249 ζ 278 ι60177
322 535 548 ιι 32 51 146 274 446
1 115 508 534 μ 83 206 218 229
245 310 329 406 417 420 ν 21 74
116 117 216 281 283 319 ξ 188
295 298 304 307 311 357 ο 277
280 284 547 552 π 65 ρ 160 249
516 τ238 253 339 ψ 176 ω 301
A 439 482 Β 170 358 702 0515
Ν 665 0382416 435 600707 729
Π1223 748 Τ143194 111852 878.
νεός ιι 172 νεὸςή252 ι482 539 ιι 127
156 16 μ100148170 354 368 ο 283
τ 278 φ390 χ465 0423 693 704.
νηί y 323 ι 173 194 1444 1113
ΜμωωωωπΜΑΜ
Mfflmmmwmmmffl
365 (1656 781 ε27 37 652161
445 ι470 12353 140 176 272 332
408 447 502 505 508 571 13 58
μ 50 110 171 186 264 292 320 411
415 ν 71 134 157 4251 ξ 305 345
0206 218 223 258416 420456 ιι24
142 229368 ρ42 σ84 ιι382 φ307
ψ[320] 324 340 ω 152 A 300 329
389 433 Β54 293 610 1188 383
6222 239 1654 Κ 35 74 256 570
Λ5 Ν267 0624 Π123 286 Τ331
Ψ 28 Ω 412 438.
mwoemamwmmm
387 389 407 430 γ283 344 347
, 360 423 3428 573 634 646 666
669 731 779 780 ε131 η 109 243
334 50 51 232 567 ι194 226 279
465 495 546 ιι 95 154 169 244 402
403 407423 444 511 569 1 1 29

νηῦς. 550

20 70 106 159 331 456 636 μ 5
82 109 144 151 185 220 247 276
290305 317 367387 391418 ν 19

ωωωωωηωξωπι
waeaemwwwmmnm
mmmmwmmmmw9
wmAmmm1mm
Mffifflwmmwwwm
Ψ3Μιήήήαήομ59ψ54’

νέα ι 283.

νήες β 232 390 0559 ε 16 141 175
ΗωψηΜθΜωμω
153 544 555 ν 101 ξ 224 ρ 145
288 Β 303 333 524 534 545 556
568 613 630 637 644 652 710 737
747 759 A 247 11467 143 71 306
Κ 113 309 396 Λ 666 Ν 14 453
4730 75 0654 Π 168 276 Y 60.
νὲεςγ312 η336 ι125 11503 516 .
602 680 733 Ν 174 681 0549 Σ 63.
νηῶν ὃ 361 708 ε 404 ζ 268 3500
11011261571631123 μ286ξ255

496 φ39 ω 117 3152 154 493 .

576 713 Ε 550 700 11338 419
437 0197 213 528 533 176 232
241 Κ 308 320 337 561 Μ 72 114
118 142 156 179 216 227 254 Ν57
110675 723 744 5728 46 56 68100
410 063 387 331 407 503 601 670
676 685 Π 87 239 251 267 293 301
304 366 397 Ρ383 Σ279 Τ43 360
Ψ 259 11141 401 681 780.
νεῶνζ271 μ67 Α48 831 135 208 464
587 610685 719 11334 443 0490512
5601708 Κ161Λ803 Μ5 Ν687
Ξ146 0348428 653 655 731 746
Π 45 80 305 376 500 Ρ 403 Σ 3
172 Τ42 344 356 Y 33 111365
311413 113 431111ιέ 13
ρ ω
771 Γ283 11223 Θ 1661428 691
Λ 311 Μ 112 Ν320 742 Π35 832
Τ53 Χ 386 111248 823 νήεσσινω427
A 239 1347 674 K 214 342 Λ 22
wfflmoemfflmmau
νέεσσι Γ 46 444 Ξ 51 νέεσσιν ξ 230
Ν 333 0409 414 722 Τ135 νέεσσ’(ι)
νηυσί β 27 A 179 A 181 0 688
νηυσὶ ιι 61 γ287 302 082 173499
513 ή34 05 15467 39144143
Μπωηπωωπηῃι
18*

 

