115 αὖτε - αὐτίκα. 116

349 402 474 Η 101 148 207 237 205 253 290 370 659 Ρ319 560 Σ6
286 296 319 323 361 383 Θ 194 94159 183 196 466 472 Τ 107 134
268 271 343 364 384 426 446 487 184 Υ103 127 450 482 Φ 160191
11 68 92 103 169 177 206 212 461511 Χ171172177232238252303
215 222 242 314 628 663 707 1114 Ψ316 356 480 604 643 645 756 8110
30 73 154 156 270 288 317 378 217 344 378 389 410 432 511 619668.
503 574 Λ 38 101 122 191 206 161τά383 399 6103 177 331382393

225 230 264 267 304 321 326 341
369 422 455 461 478 481 483 540
622 629 664 729 747 759 762 780
Μ 13 40 78 143 187 193 254 368
398 446 Ν 164 174 399 474 491
651 682 691 695 638 735 752 758
799 800 ,718 32 187 280 374 383
Ο 1 61 113 134 147 260 279 304
320 334 395 401 405 474 479 523
549 623 630 Π 124 136 177 187
198 220 246 411 415 453 497 534
553 696 728 732 802 Ρ108 266
396 610 718 746 Σ 148 203 231
314 349 421 446 451 475 481 554
609 614 Τ 15 19 40 51 54 63 83
179 188 268 319 351 373 Τ38 47

8 20 219 641 795 ε 332 ζ112 7 298
308 0127 140 158 174 400 1248407
κ 281466 1 93 338347 362 615 628
63125 6301 171119403 434 6389
405 445477 495 6169 187284 1405
633 165 177 130 6256 320401 χ165
281 283 342 495 0344 46138 44202
Β 221 225 370 407 819 826 Γ 67 180
191 203225 241 Δ 132 238 265 384
Ε117217279418541Ζ81381Η268
302345 6489 1289 Κ 283 Λ 130 .
822 Μ 215 Ν178197221259274
311 414 628 642 Ξ 454 569 0287 337
Ρ 244 304 344 474 706 Σ 146 Τ38
151 Τ1686123199273 Φ 169 394
Χ 129 285 ι11140193 278 586 605

67 7666 161 666 646666 616667 766 776 611 646. 081
466467 466441166461 61766 6666166 6666 6666616616 66
71 167 167 666 666 664667 377 1676 6646 666666 661 667 761
666 414 166 616 666667 664666 746667116166616661141
666 666 16 7 666 166 476 466 11611 666166766667 1666
6666116666646676666 666167661661664616
167 166 161 666667 667 666666 6161176 6664 6417.
666666666 716766 766661666 66661666 166 6666.

666666 877 664666 666666 1666611166.

116 117 166 161 166 644 676666 666611661666646416661466
466 611 616 647 666 661666676 116776661674.

716 [766] 766 767 661. 6666 6 166 M 338 666 66161666

666661111766616666666666666 667 1666 661 6766 1166 476

666 666466 6166666 746 666 ε 66 661 :5:37 88 11766 16661666 1144

46146666 1116 667 6646 664444 6167 6666766614661647 6716.

6666 666 611 644 666466 611 41 6666666666111616464.

161 666 4666667 666614 666 666 666666664664 4466167 6666666

66161466671661666466161666 676161116 1466166616 646667 ,

666 66 666 666 666 666 666 6166 666611166664111666146161

647 166666 666666 6177661666 166 676 666 676 6666 664 6646

646461616 666666 641164147 466 6664616667 6666 667666

666666 666 φ166611666χ6166 6676166 666 666 416666 61 166

1164466616 66 66 66164 176616 φ67χ16ψ666666 6166 1166

666666 61661661616761666 66664466661661411146176

667 646461676 6166167166 76 6166661464116666666471166

116661 1176664 666666 646 176 174 677 616 1666 Λ 616617 666

664 666446 H 66 66 67 64 666 646 1166 61 664 666466 1717 [748] 6164

667661666677666446466 666 666 6166 11164666666676664

166 146 667 676 1114 166 677 676 164464 666646 666 66 166 166

766 164 116 166 646 666116 466 666 1666 661 6666666 666 166

1666 6774 164 611 666664 616 166 416 666 666 666 676 41666616.

 

