789 τίτιτε - τις. 790
ἔτισαν α 352. τίς νυ, τί να 131111.
τίσετε Φ 134. τις (maso.) 04 167 216396 β 82 230 233
τίσειαν Α 42. , 324 γ 89 224 377 0 78 106 384 489
ίτίσατο y 197 203 0236 1057 11482 536 537 756 769 772 775 88 11 80

Β 743 τίσατο 1479. 221 488 ζ 149 150 205 206 232 273
τισόμεθ’ ω 435. 275 η 16 199 204246 315 032 43 198
τισαίμην 1317 Χ 20 τίσαιτο ν 213 ψ31 229 230 239 254 280 328 371 552 135

τισαίμεθα Τ208 τισαίατο 0 133. 1 103 143 143 205 384 508 520 κ 37 45
τῖσαι 11378. 141 259 327 329 502 552 1159 175
τίσασθαι γ 206 v 121 Β 356 590 Γ 351 184 366 483 558 628 μ 48 186 287 300

366 0116. 4 325 ν 123 167 170 180 269 ξ 122170

τίπτε α 225 β 363 (1 312 681 707 810 178179 269 496 504 522 082 312 336

187 339 1403 ν 417 ψ 15 Δ 340 Ζ254 420 442 π 33 72 133 183 301 303 306
Η 24 Κ 85 Λ 606 656 Μ 244 Ξ 43 090 ρ 387 438 449 482 484 497 501 547 568
Π 7 721 Σ 385 424 Φ 369 Χ8 Ψ 94 σ 7 56 72 218 327 382 400407 414 τ40
Ω 90. ¹ 201 238 286 350 365 558 567 1135140

τίπτ’(ε) 1494 ί. 93 474 v 33 Α 202 201 287 322 368 375 376 380 9193133
Β 323 Ν 250 Y 16 Φ 394. 157 196 228 291 318 324 327 344 36]
τίφθ’κ378 1119811243 0447 1137 141. 396 397 χ 6 96 132154381429 ψ 63

flovvn‘ht Β 559. 135148 149152 159 187189 203 [129

τις (1141.)α 111111 113131 y 113 153 110 463 431 A 33 144 133 311
313 11414114111111111134114) 314 341 111 111 111 354 351 333

11111341151313313111133133 1313341113 133131111311111
1111131ο134413(1)ρ333(1)131143 335 451 453 A 31 31 113 133 133
51055131535321351345333 303 300 303 315 31113111133
A 3540 1 1313) 1111 Ε 311 1111 313345 313 1113133113114431431
. 111 14 31 311 A 133 0341403 11331 411 503 1131 11 13 111 133 113 111
1131431413333113113311131 300 400 453 430 31 131 111 113
503 31 331 331. 515 111114311131314311111 1141
τίς (1411.)11111111 1131133414 1111113043143413315114130
ω 114 3333. 333 333 401 133 11111 111 313311
141 ο 503 ω 111 (111) 11113). Ν 55 33 333 114113111411313313
131113 1141 11113311) 3113 34111313311131313411411434
A 111 (bis) 11313 (114). 111 011 111 133 111 331 450 503 533
53454113711334313535333 1113 33 33 303 335 403 443 114

ξ189 τι 58 333.
τέων ζ 119 1200 υ 192 51387.
τὶε299 26511461 1195 1331Σ13
30 1331 111111).
τὲσ 0463 Β 225 Ω 128 (μέχρις -).
τί α 62346 3465 492 649 3465 ζ 25
0153 114 (bis)447 11431 1210 463
14311114 411111314111313
576 171 482 500 v 351 9186110333
11264 ω 106 407 474 478 A 362 365
114Γ111Λ31111(314)1431(1ς-)
Ζ 55145 Θ 293413 Ι 337338 5153
432 Λ 313 404 407 606838 Μ 310
409 Ν 275 810 Ξ 264 0244 Π 31
627 859 Ρ 97 170 443 Σ 6 73 Τ90
420 Τ 87 178 251 297 Φ 106 153
436 474 562 Χ 122 385 431 Ψ409
αῆ1115

100 146 154 227 245 254 292 414420
422 423 670 733 Σ 105 185 246 269
296 313 362 403 466 600 Τ 11 14
81 151 153 183 227 233 305 27120
130 167 453 495 Φ 112 126 357 Χ 67
106 207 281 371 372 375 438 494
Ψ439 575 Ω 46 74 148 177 337 369
374 489 505 610 650 691 697 707 734.
τις113111.) 3133310313173333354
607 735 844 ε 101 η 67 244 κ 193
202 226 254 568 4300 1166 403
12340113) 279 ξ 254 301 1403407
ρ451 187 172 346494 α 267 330
(1237 383 χ126 151 158 226 305
467 0118 125 216 ω 7 144 Β 811
Γ45 Δ 532 Ζ 101 142438 487521
11409 Θ7 181 521 1316 5417
Λ711 Ν989 5⁴80 0564 Π482
Ρ4147 Σ429 Τ201 Φ528 11524.

 

