657 παρὲκ - πᾶς. 658

καρὲκ(1ιαρ’ 3166611161) ι 116 Κ 391 480 (τὸ -) 604 764 782 (τὸ -) 42 201
T 133 Ψ 162. (16 -) 642.
παρέξ 1488 A 486. Παρρασίην Β 608.
παρὲξ 6 348· 1439 11276 443 ξ168 πάρφασις Ξ 217.
6199 ρ139 ψ16 17 11349 Μ213 πᾶς16114φ17 Λ65 Ν191 408 0537
Ω 349 434. Π 265 Τ166.
καρήιον Π 159. παντὸς Ν 308 Ψ 847. ,
movim (666116.) A 142 Ψ 690. παντί Γ 50 Ω 706 116111 ν 313.
1166111266 χ 464. 1161163266 6466 12216) 6161 262
παρηορίῃσιν Π 152. 1114 1121 ρ4801475 χ440 ψ 250
παρηορίας Θ 87. m 118 11575 A 437 Ξ 187 Τ27 (1)
παρήορος Η 156 Π 471 Ψ 603. Χ 354 (Η366613111)Ψ135 5420 πάντ’(α)
16666611 11414. 1326 2 662 161371) 11262. =
παρθενικῇη 20. “ πάντες α 11 76 164 266 366 373 381
παρθενικαί), 39 παρθενικαὶ Σ 567. β 13 82 112 182 211 γ48 134 364
παρθένιος (Ἑύὸωρος) Π180, 430 6250 272 285 344 346 487
παρθενίην (ζωνὴν) λ 245. 673 ε 110133 ρ 154 226 251 637
Παρθένιον (ποταμὸν) Β 854. 121 131 234 258 398 512 542 1367
παρθενοπῖπα A 385. 1147 91 130 231 249 257 425 1187
παρθένοςζ38 109 228 8514 21127 128. 288 333 μ 89 213 298 341 ν 1 47
παρθένοι Σ 593. 82 155 179 ξ 462 478 0437 16 251
Πάρις Γ437 Ζ 503 512 Μ 93 Ν 660 393 ρ 64 135 137 174 211 407 411
0341 Χ 359. 481 499 503 630 40 55 58 66 71
ΠάριοςΓ 325 ΠάρινΖ280 Ν 490 52249. 213 246 410 6 277 330 υ 268 320
Παρνησοῦ 6 432. 358 373 φ 230 232 285 360 376 χ 75
Παρνησῷ w 332 Παρνησὸν 6394 411 251 255 265 269 386 11128 49 332
466 φ 220. 6) 107 173 353 A 22 120 376 403
663611132266 ,3631266 -) 6626 416 424 436666 3133 164 263
ζ174 66181 ρ 167 294 A 185 5427 301 331 449 789 Γ95 A 29 16875
Τ437 Ψ 20 180 213 498. 877 Ζ59 410 422 Η92 99161 169
11661161 η 126 1216 (6 -) 136 221 344 636 463 416 64 6 16 26 61
Ζ319 9494 0227. t 298 [468] I 3 26 29 50 430 693
πάροιθ’ w 166 A 360 500 Γ 162 0154 704 710 K 182 218 313 A 78 460
Π 255. 693 707 761 825 Μ 75 78 83 180
παροίτεροι (7166661) Ψ 459. 245 270 312 442 Ν 117 223 276
παροίτεραι Ψ 480. 332 487 757 Ξ 74 370 086 294
πάρος 6121 6119127 305 (65 -) 6 627 354 638 Π 23 389 443 660 848
810 682 88 ζ 325 331 η 201 (65 -1 Σ 289 297 Τ 54 173 255 294 Τ59
θ 31 (66 -) 36 376 6448 ιι 240 (66 -Ξ 125 Φ 133 196 371 428 X 166 181
395 1324 394 453 ν 314 858 65 >- Ψ11 123 203 211 362 539 661 676
401 433 66 191 218 ρ 169 171 65 -· 766 784 840 Ω 62 253 327 383 688
293 636 162 164 229 288 649 253 775.
346 (63 -) 643 666 11 161 (6 -1 1161161113 236 6162 433 6164 231
310 φ123 283 19309 ω 369 486 (65 -)1 279 ζ 35 240 257 η 108 θ 101 117
487 508 (66 ···) 11453 553 610 Δ 73, 128 129 192 207 382 401 569 12 ’
264 6 216 366 (13 -) 2346 11616Ι . 441 1216 366 363 316 v 66 36361
3- 6166 264 11 366 (16 -) 636( 1316 π 264 446 ρ 366 666 116
15- Λ111573 669825 Μ221346 6578 633 264 φ 76 249 308 372
’ τὸ*

663 (66-)Ν161(16-) 226 42162466611413122146261
16 -) 334 466 6· 131 (τι -) 266 266 411 6466 631 136 431 11616
62663166236616231361216 1116 126166 162 66 216463
661 (11-) 126 (66 -) 2246 666 426 A 323 11124164 62666111) 266 261
T 42 (3 -) 643 1 123 (16 -) 1166 326 6141 136 1166 213621 1666
233 (16 -) 266 (16 -) 362 463 34141 661 261 116 1364 363 6166666

 

