ἰ 493 , Μαῖρα - 1994- 494

¹ Μαῖρα Σ 48. - ξμακών v. 9. 1. μηκάομαι.
Μοῖραν 1 326. μάλα οι 1 301 312 318 β 200 249 306
macen» Δ 994. ρ y 90 191 199 991 999 411 9 99 99

Μαίον’(α) A 398. 1 439 446 809 811 9 161 223 341 393
μάκαρος α 217 A 68. ’ 485 ζ 87 155 203 247 274 304 312
11919911 199. η 194 919991 9199141 199 911
1191494149 μ 91 ξ 99 9919 9194 919 919 999 419 941 ν 99 199 194
Α 406 A 127 Θ[550] Ξ 143 7³54 135 κ 171 180 441 465 1 135 350 373

,Ω 2399422 μακάρων 0281 ι 276 521 530 621 μ108 124 268 273 407 ν 6 90
κ299(0111188811006οε01)Α339 Ω377ῑ 161 239 269 280 ξ 155 210 231 281
μακάρεσσια82 (1755 ε186 03269551 352 361 419 529 ο 214 220 401 556
6426 A 599 Ε 340 819 Ζ 141 Ξ72 π 121 ρ 14 217 255 346 351 422 σ4
038 μακάρεσσινκ74 μάκαρεςε7 0306 146370 τ 78 118 158324 384 580
μ371 377. v 99 199 218 272 302 391 φ 56 78
μακάρτατος ζ 158 1483. 334 χ 13 99 112 146 172 178 195
τρισμάκαρες ε 306 ζ 154 155. 383 473 ψ 82 141 175 267 282 ω 66
Μάκαρος Ω 544. 92 123 174 207 324 402 Α 85 156
μακαρίζοι ο 538 ρ 165 τ311. 178 217 218 381 416 Β 255 785 798
μακεδνῆς η 106. Γ 142556 214 A 225 229 233 241 266
μάκελλαν Φ 259. 287 318 379 494 Ε 197 410 471 478
μακρὸς 0 193. ’ 512 607 645 710 903 Ζ 85 207 Η 286
μακρὸν 0 66 473 κ 307 μ 432 ο 43 379 401 Θ 22 29 186 362 [551] Ι 40

υ 73 (9351 91402 Β48 Ε398 0199 44 75 79 108 197 303 304 318 348
41οΜ121291 Ν124 02179 Σ142 364 398 419 431 492 686 694 Κ 41

Ω 468 694. 162 172 174 229 251 289 A 116 378
μνκρνί μ 499. 499 119 M 91 199 11199 991 [919]
μακρὸν ψ 54 μακρὸν Ε 664 Π 611 317 343 402 463 483 573 660 741 4758
17527 μοικρῷχ279 293 1245 297660 104 133 143 375 378 O 51 206 224
11140 Ν177 613 0745 Σ341 Φ402 288 300 321 444483 546 604 617 652
μακρόν K 459 Ν 168 830 Ξ 36 X 295 669 695 Π 94 492 838 Ρ67 181 234
μακρὸν 9 991 ο 91. 919 999 999 999 499 994 911 999 999
μακρὰ ε 238241 η 114 κ [470] 0 367 710 723 Σ 99 254 318 322 406 T 101
χ301 3144 Γ135 8656 Ν18 Φ197 141 362 440 Φ 24 230 317 417 447
μακροῖσι Ν 497 O 388 μακρά ε 109 470 500 Χ 163 220 268 407 435 445

χ 251 ω 110 A 88 Χ 507 μακρᾶε 162 Ψ 54 63 245 281 308 389 499 520 543
370 η 44 ι 147 0 359 χ 149 A 486 738761 767832 12298 391541 663 737.

Δ 94 1941 μάκρ’(α) μ 999, 491²« 119 914 919 999 904 β 9 191
1194991919 μακρήν ν 999 199 ρ 99 999 ν 191119 9999 999419 199
,49999191 91919990999. 499199 144199 919 990 949 999
1419414919 1999919919 1199999919 999 144 99 999 919 9 99 119 919

Ν 782 μακρῇσιν ε 253 1186 μακρῇς 1238 338 19111 1126134280 μ17

Γ 137 254 Ν 340 μακράς α 54. 372 ν 86 313 ξ 116 192 263 367 464
μακρὸν (pro adverb.) ζ 117 (ἐπὶ-31 ο 182266 352 369 424 π 113 286
Γ81 Ε 101 283 347 Ζ66 110 Θ 160 ρ 432 547 σ 201 319 381 385 τ 5
(ἕνεί-7) 172 A 285 Ν413445 47453 100 301 320 352 558 υ 23 156 φ 196
478 0346 424 485 Π 268 Ρ183 750 χ 190 ψ 12 185 187 230 264 281
X 294. ω 261 303 400 519 522 A 173 554
,μακρὰ 44501539 Β224 Γ22 Η 213 Β 10 52 241 444 Γ 381 A 70 496
Ν 809 0307 676686 Π 534 Σ 580. Ε 223 407 570 587 611 Ζ 382 441
μακρότερον 0 20. Η 151 225 417 Θ 14 67 107 144
μακροτέρην σ 199. 1 149 199 999999 14 99 199119
11999199 999. 1 194 949 419 491 A 99 499999111
μακρότατ’(α) Ξ 373. Ι 768 782 Μ 63 165 382 457 Ν 30
μακροτάτη Ξ 288. · . 146 557 708 829 O 230 319 362

 

