319 ἐρῳδιὸν - εἰς. 320

εξελθοῦσακ 573 ἐλθοῦσανΣ 135 190 116 149 201 239 434 442447 539 570

ἐλθούσας 11 411. 582 σ24 37 72 89 122 148 219 320
εἰλήλουθα ν 257 π 131 τ 549 Ε 204 328 329 344 353 384400 τ 17 48 258
Φ 81 156 62460 εἰλήλουθαςε87 1273 279 290 292 294 296 298 399 410 424
ν 237 042 χ 45 ο) 300 Α 202 Ζ128 429 435 484 514 540 602 υ55 75 96
254 Ψ94 εἰλήλουθε v'191 εἰλήλουθεν 99 160 220 248 372 373 383 01208
γ318 η 199 0131. 244 262 356 391 396 χ128 143 166
εἰλήλουθμεν γ 81 149, Ι 174 179 201 263 282 351 385 ψ 102
εἰληλουθώς τ 28 υ 360 ἐληλουθὼς 081. 139 170 221 259 295 311 315 338 340
ἀπελήλυθα Ω 766 ἐπελήλυθα δ 268 8477- ὼ 166 237 322 334 349 430 431 498
ελήλυθε ιο 310 τ 223. “ A 100 142 (bis) 220 222 226 309 (bis)
εἰληλούθει A 520 E 44 A 230. Ν 364 366 390 402 423 431 491 601 Β 9 126
Ρ350 2485.Ι 140 158174 271 303 454 465 667 752
8552135 (maso.) 11 214. 833 115 11 252 258 218 310841 285
15581115, 1013 81 180225 281298 448 453
ἐρώει Β 179 X 185 ἐρωείτω Ρ 422. Ε 118 132 204 239 350 360 364 465
ἐρωήσειπ441 21303 ἐρωήσουσιΞ 101. » 504 687 737 745 788 804 821837 857
6333131511313Ψ ⁴⁶⁸ 163 3163133101 13 111
ἀπερωήσειας Π 723. “ 538 127 47 90, 166 180 354 381 414
ἐρωήσαιτ’ Ν 57. , 428 480 487 691 7111 14 28 56 78
ἐρωῆσαι Ν 776 Τ 170. 97 239 286 325366 448 576 A 14 22
ἐρωή Π 302 Ρ761 ΦἸ 251. 141 273 331 359 360 364 381 399 513
ἐρωὴ 0358 55318580 15555 Γ 82 823 848 104 143 118843 11111 25
Δ 542 P 562 Ψ529 ἐρωήν A 357 288 (bis) 301 325 335 Ν 7 31 38 214
17488. ’ 277 305 645 657 756 28 86166 174
ἔρως 8. s. 8. ἔρος. Ο 30 59 79 136 310 357 420 499 533
ἐρωτάω v.S.v.41(17177‘177. 706 Π 169 221391 5740118) 640 657
ε’ςα85 930118) 130 144184 210276 284 677 714 728 821 832 Ρ31 129 130
280 382 418 8 52 152 214 (bis) 221 230 334 433 431 540 2101 142 21511)
259 308 359068) 381 γ2 31 137 138 238 ,245 353 413 469 Τ3 36 128 162
159 177 270 296 317 321 326 420 483 173 205 241 267 299 308 402 ΤῙΟ 38
485 488 495 ὃ 36 255 313 359 474 137 145159191197 254451 Φ8 43
476 563 586 ’621 635 639 702 bis 58 79 81 156 300 349 527 534 536
. 713 802 839 ε200)18) 35 37 4201183 611 X 166 372 397 399475 492499
1150118) 204 352 439 453 458 460 470 Ψ145 148 150 169 206 253 352 523
ζ 3 15 55 59 65 119134 176 202 298 574 680 685 704 710 799 814 835 886
[315] 327 ή 7 771518) 80 87 96 254 6280 97 112 122 191 193 204 332 382
281 301 317 θ 56 144 170 262 273 431 447458 484 520553 557 566 577
277 283 294296 328 363 469 494 504 596 633 713 753 (bis) 795 797.
17279 106159 161 166 236496 533 ἐς (omisso 811681.(10111118)β 195 θ 418
556 κ 1 37 62 87 97 107 131 135 18327 Ζ378 379383 384 Ω 160 309
141146148183 194276 287 308340 482.
411 432 453 4740118) [476] 558 562 ἔς 3 48 51 11318 0450 u 361 υ 199
λ 13 22 36 63 70 143 323 331 351 3379 0508.
359 375 455 480 493 501 μ9 29 126 εἰς α 1890 172 272 356 411 421 427
127 135 221 247 253 261 448 ν 52 310 18 55 97 99 328 358’γ 153 174
160 167 200 248279 285323 328 412 293 0 86 220 294 526 577 595 601
414 440 ξ73 126 127 180 231 238 674 751 760 ε’,77 217 261 349 378
265 280295 318 322325 327 329 333 381 475 ζ 295 012 34 109 314 318
¹ 335 384 (bis) 305 404428 037 65 99 1135 138 216 218 237 337 527 1160
126 129 131 186 236 239 447 468 472 158 175 351 420 461 467 491 512513
532553 π 104 178 206 285 349 458 522 528 564 1230 86 111 122 162
473 477 ρ6 10 84 87 104 105 109 169 351 356 372 392 523 504 μ 81

 

