ὁ.

572

870 Γ 13 A 237 455 456 Ε 475 543 τοὺς 6 40 49 ε 48 478 061 ι 98 100

(-ῥα 701047) 656 673 834 Ζ 16 27 57
225 293 Η44 6174 92134291522
524 559 573 Κ 113 187 215 295 408
483 506 Λ 80 81 264 540 594 693
7030) 827 Μ 24 93 94 98104 151
159 278 287 436 Ν 65 85 333 337
Ξ189427 0275413 665 Π366 633
635 Ρ 68 172 260 280 631 733 755
Σ595 Τ 105111 1²18 156210 352
374 Φ 20 611 Χ 424 494 Ψ174
234 311 399 ,Ω 1670) 256 338 366
400 456 494 498 512 546 653.
τοῖσι 0 28 146325367 423 β 15 157
224 409 γ330 338 362 415 417 474
6183935ζ2804701217ι68
224241 7287 342 ν 24 374 ξ471
0166457502 071100151184369
0 253 306 405 422 7 103 126 430
437 508 v 185350 010127οχ205
318 321 461 0) 225442 451 502 A 58
68 101 247 348 Β 76 142 336 453
565 568 652 Γ 96 303 455 Ε 395
420 Η 136 164 165 167 314 354 365
383445 Θ 262 263 265 Ι 52 173
179 335 533 622 Κ 62 203 219 233
274 A 13624 Ν 156829 8109 347
042 281 321 668 699 Ρ459 494
628 753 Σ 249 316 508 523 545 556
Τ65576 996098711679417
29 108109 153 566 758 889 Ω 62
103125445.

τοῖσιν 0 9 151 β 163420 γ386 67
339 658 660773 η 185 212233 84
25 59 421 ι 112 335 κ 115198 550
561566 4335 μ277311324 394 916
171 ξ337 0292 7749 215 345 363394
406 ρ 130 042 50 290349 412 423
7148 77 242 244 247 270359 0140
143 269) 69 217 ψ 146 293 07 422
469 Α 269 450 479 571 Β411 805
Γ 188 275 A 270 396 Ε 777 Η 347
Κ 59 414 Λ502 Ν 689 Π 166 Ρ705
728 Σ 494 506 569 Ω 690.

τοῖς) 68 390 490 6 630 ε 202 0 132
μ252 425 ξ88 459 0188 304 324
439 05160 7196 0 3670) 0130
274 χ 131 247 261 70 84 490 A 342
597 Β 433 516 524 680 733 747
A 153 E 131 150 820 Η 170 324
I 93 417 684 Κ 63 196 241 330
Λ 120 Μ 369 372 Ν 753 O 134
Ρ384 740 Σ103 Τ405 Ψ342 ,Ω 252.
τούςν 274 79 404 0187 Π94 Τ340.

1

193 291 331 370 407 427 467 κ 48
125 218 284 449 7. 34 122 250258
μ 243 ξ 17 35 272 0 133 147 482
π 997 479 ρ 99 919 994 441 9979
0164 382 φ 190 χ 34 42 246 383
ψ 57 269 371 ω 4 418 427 429 450
493 533 A 191 409 Β 55 314474
476 681 744 Γ 207 243 293 A 227
233 241 255 283 292 301 336364
4390919) Ε148155 163241 271 321
519 590 711 862 Η 17 129 382479
9211 350 434 1499 670 Κ 97 179
190287 302 322 A 39 148177304
323 333 341 367 406 426 686 701
Μ 67 195 331 424 Ν2 83 88 94
194 490791 914099) 79 909979
904 979 909 0 7099) 97949499
595 1728 96 263431 697 Ρ219533
Τ 377 Y 54 [135] 454 Φ 3 29 237
X 18 Ψ 182 348 572 Ω 260 344
477 497 605 612.
οὑμὸς, ὤριστος, ωὐτὸς 7. 9. 7. ἐμός,
60497ος, αὐτός. ¹
τότ 283 0 381 A 116 325 8873 Γ55
Η28Π55Ρ417Χ301Ψ332Ω52.
τὸ β 460) 187 65080119 9185 ι370
999999 7719914490 μ79 ρ 999
082 τ 470 487 0 52 83 220 φ 337
χ280 ω 296 Α167 212 228 234563
,Β257 41323 Ζ407 Η91 9401454
Ι 422 706 Κ 256 A 267 405 848
Ν 408 564 565 597 037 207 Π 346
349 457 611 675 Ρ232 527 Σ 549
Τ63 161 376 Τ440 Φ 13 261 300
437 X 163 275 Ψ328 672 876.
9919 A 499 (91 -) 77479 0 31 (eu-1
100 074 (ἔκ-) 212 (ἐκ -) 4182 7325
7581 ’00113318 11451452 9296
09 -3 1106 (ἐξ ἔτι-679) N 773 (ἐκ
-909ωο00591
(ἔκ -) Τ 374 Φ 260 Ψ 329 Ω 94
106 (vid. τοῦ relat.) 235.
ιφγ909 9999 909 η 999 9197 440
9941 919 9194 ,19999999 947
109187 329 351 743 Γ 189 A 531
Ε 210 305 Ζ345 9475 496 Ι 253
439 A 467 638 766 Ν 335 Ξ 175
250 076 Ρ401 Σ85 7 6089 98
Φ 5 77 166 Χ 359 410 471 Ψ87 334.
99 7 949 η 197 9 149 440 v 159
ξ 119 092 283 π 302 0401 568
φ 110 199 4120 170 71700) 909
Ε 827 853 Ζ 167417 Η 2390) 281

 

