279 ἐμπλήγδην - ἒ. 280

&vimnau(aecumst.)§113t58015>78„¹ 110 124 126 142 143 157 169 176
ἐμπλήγδην v 132. 198 252 265 269 270 297 354 419
ἔμπλην Β 526. 427 437 489 493 506 516 521 526
ἔμπορος β 319 ω 300. σ 44 84 98 109 115 138 152183 223
ἐμπυριβήτην 19702 236 237 247 267 293 307 316 367
ἔμφυλον ο 273. 368 398 410 τ1 11 51 75 110 119
ἐν α4 15 50 51 62 73 89 95 108 114Ι 173 175 1760115) 182 188 189 205
1471531861982382552582673551 212 217 228 246 254 271 295 322
381 386 391 395 400 401 432 437 614) 327 360 439 454 469 490 520 540
20 46 125 194 226 263 290 291 293 541 577 581589 vl 922 23 48 58
299 300 304 330 339 340 345 349 354 65 68 117 141 (bis) 142 171 252 255
379 380 389 γ7 38 40 51 [78] 91 103 260 261 268 274 287 366 382 389
131 169 180 213 260287 294314 336 φ4 15 16 30 33 45 47 52 59 75 79
341 379 399 401 433 440 442 443 446 88 93 100 235 238 251 360367 379
463 479 δ 6 2066 82 97 99 100 127 384 429 χ47 54 56 83 96 188211

136 165 210 238 281 302 333 335 358· 217 218 222 229 234 259 276 301
392 413 426 438 452 490497 513537 304 313 322 332 347 358 383 411
539 556 557 562 578 599 603605 613 460 ψ 28 56 89 132 144 172 189 201
627 653 671 691 710 725 744 761 781 243 268 276 302 335 355 365 ω 22
782 785 791 809 815 ε3 6131427 37 39 44 67 73 76 86 96 109 118
37 86 108 123 155 156 222234 235 209 211 226 291 295 325 332 379
254260053) 265266 267 281 301 307) 396 410 441 496 498 526 Α 14 30
326 335 361 395 466 471 476 487 ζ4 83 109 155 188 235 238 252 311 358
76 770115) 78 79 92 131 210 215 2924 373 398 418 433 441 446 481 520
305 η412 51 53 62 65 89 95129 153 566 575 585 587 593 619 162 175

160 212 230 285 287 296 345 952 178 194 202 232 274 340 351 418
5355 76 80 124 180200211216232 451 454 456 461 467 471 473 483
238 242 255 268 274 304 313 336 509 549 (bis) 578 588 610 688 719
337 343 406 422 425 435 436 441 445 721 722 766 771 778 812 821 861
459 461 482 501 568 ι21 [30131361 875 Γ9 2031 34 46 55 69 90125
66114118132134136164200204) 133 159 201 207 209 233 244058)

212 247 248 328 333 378 387 400429 247 283 306 316 349 367 382 391
470476 535 546 512 69 9093150 444 445 448 Δ 2 107 134 143 175

163 176 206 210 220234247 252290 185 212 239 259 366 422 430 433
317 329 357 385 389 397 404 424 426 455 460 482 483 522 528 536 544
449 452 458 465 497 523 553 554 13 139 40 75 117 125 161 173193215
431 5362115191 198 242 256 2571 370 387 395 397 (bis) 448 513 539 558

261 268 275 284 313 325 374 376 384 574 583 586 588 594 616 686 708
389399406414051)459(615)513514 730 740041) 741 771 861 877 886
516 537 574 577 583 603 μ520 45) 21013 40 43 65 81 88 169 2100118)

50 51 54 760113) 80 90 91 103110161) 221 223 225 243 253297 317 318 321

162 164 171 178 1791962292372574 336 371 406 421 428 453 456 482 503

264 283 285 305 320347 351 383417) 524 528 Η2 40 51 66 73 102105
ν 57 71 81 97053) 105 107 109 134 143 176 199 229 248 265 302 313

150 176 188 244 (bis) 247 256 260 292 339 345 [380] 384 417 429 432 438

294 298 301 317 322 403 424 438 441 851 70 94 95 111 116 138156
ξ14 7888100135 143176 222 227 166 202 207 221 223 230 234 258

258 268 275 307 312326 343 368 382 269 289 298 335 337 359 451 476

408 429 432 448 519 05 11 29 113 485 491 493 536 555 562 13497121

120 124 130 148 149 232 247 285 154 200 206 207 208 217 220 230

301354357441444445456461526) 235 256 263 296 319 350 361 378

534 542 π133 45 51 52 94106 120 382 428 462 465 487 491 528 554

129 229 232 264 269 275 284 292 561 610 629 634 647 669 680 691

314 378 384 419 444 473 ρ47 79) 119 90 127 180 183 199 217 245

 

