1333

331 313 330133 133 317 330 333
334 3 30 143 131 340 333333 333
333311433 333 333 133 143 313
3133 333443 133 133 313331 3 34
33 313 313 333334 303 314 317
333 033 173 314 341333 331433
433431 3 11 43 43113 133 333311
333333 313 331 333 343 333333
313 333 433 433 414 437 433 313
3133337133 131 134 133 133
333331 333331 341 433 433343
331 1 34 33 33 33 31 31 333 334
333 333 433 333 313 311 343 333
3 33 33 133 173 303 313 333 337
433433 443 3 31 333 333331 333
333333 1 33 131 131 304 333313
331 333 373 331433331 3133113
311 333 433431 333 313 343 3 33
33 103 113333 333313 3 34 33
133 141 313 311 333 413433 331
333 313333 311 333 3 13 44 131
131 133 104 341333 313333 407
413 301 341 343 3 47 333333 333
334133113113 133331314 3134
171 313 331 337 377 3 1311133333
337 333 3 133 313 371 331 337
A 33 33 111111131 133 137 130
133 134 333333 334333 311 3133
331 343 313433 1331 333 A 40
43 34 33 133413 13331 313 337
377 333 333333 333 333 113 141
331 334 333333 341441 1431 133
333 333331 433 3 33 31 333333
313 411 333 133 43 133 141131
333 333 343333 417 [4331413433
331 134 1134 133 343 333 314334
437 1311443 333 313 143143131
131 11113 333 N 732 ,1114113133
333 331 333331 343333 313 043
1313 334 333 334 333 1133 133
3311433413 333 33 331 433 334
3131 113 133143 3314341433 T 33
30 37 33 313331 333 3 33 131 333
314 330 371 434 0 133133131
333 333334 333 313313 443 433
433 333 77103 133 334 333 333433
431 477 473 433 111331 343 313 313
333 333 347 734 133 331 3333113
111113 313 344 333 313 331333
333433 431433433433334333 133.
3333 133 ξ 143 471 3 10 34 133
11433 33131331134 0333
7733 13 431.
4333 3 33 313 333 331 3133 134 304

ἐγών.

334

357 (1269 407 426 571 ε 130 177
359 ζ126 η 237 3342 564 188 98
171 325 380 561 κ 17 95 100 145
188 205 258 273313 λ 152 197 408
528 552 610 625 628 μ 9 38 144
153 264 270 310 333 389 ν 147 272
314 300 412 ξ 166 250 484 0 156
272 449 470 484 504 π 70 99 132
259 311 ρ 6 52 101 160 249 0 368
3104133303334 χ 333433 3 33
78 130 ω 312 445 Α 76 207 516
549 Β 73 377 391 Γ 169 188 305
410 Δ 266 318 Ε 238 475 478 808
828 Ζ 365 Η 53 101237 010 538
Ι 103 314 K 378 Λ 738 747 Ν 735
825 Ξ8 105 374 029190348Ρ175
186 T 60 83 140 187 192 Y 208
367 Φ 341372 411 Ψ 244 415 458
579 602.

ἐμεῖο y 347 (1 145 170 ε 287 λ 71
3103 373 3 133 3 333 343 3 134
215344 Α 174 259 301 341Γ97102
Δ 324 343 Ε 214 Ζ 344 356 362
Θ 149 164 1348 Κ 284 444 Λ 391
606 Ν448 076 Π80 Ρ31 Σ10
100 Τ 197 Φ 112 135 481 Χ 106
Ψ 69 247 608 Ω 74 289 374 300 433.

ἐμέο K 124.

7330 3313 3743 0433 3333 3 43
165 3268 τ 93 311 325 Α 88 453
541 Ε 896 I 335 426 494 Π 407
Τ 62 105 273 T349 Φ 398 Χ 236
454 Ψ 789 Ω 429.

μευ β 25 161 229 262 (1370 762 ε 170
311 ζ239 324325 ι 20 κ [1891 311
400 455 481 485 μ 271 340 370
0 172 318 467 π 02 259 ρ 370 397
468 σ 43 129 351 v 292 φ 68 275
3331 ψ 333 3333 443 434 A 37
273 451 Γ 86 304 456 Ε 115 Z 334
Η 67 235 348 [368] 0 5 497 I 262
345 355 K 278 Ν 626 Ρ29 T 101
137 Φ 150 Ψ 70 648.

ἐμέθεν ὅ 592 ζ289 θ 241431 π 430
6273190 ψ78114 Α525 Β2663
Ε 653 1456 Ο 213 Τ 217 Φ 217

ἐμοὶ α 359 β 209 227 3 153 481 538
3188 ι 366 κ 406 [475] 496 1353
423 ξ 338 441 ο 152 342 350 π 74
ρ 389 ⁶ 180 3488 φ 213 353 ψ 61
ο) 306 435 Α 174 295 Δ63 263 8832
Θ 190 Λ 366 Ρ232 562 Τ 57 200
305 11453 Φ 439 Χ 42 256 Ω 68.

 

