153 γάστρην - γέ. 154

γαστέρες σ 44. 231 247 252 367 372 434 511 522
γάστρην 9 437 Σ 348. 527 541 565 584 Κ 59 169 236 242
γαυλοί ι 223. 302 403 447457 504 Λ 136 226 238
γε α 10 46 47 195 203 210 215 222 365 366 452 455 478 762 765 787

223 229 331 390 443 611 12 24 31 813 Μ 99 166 217 240 245 263 277
43 62 76 115 126 204 279 327 372 290 298 394 Ν 70 95 100 105 117
434 γ 114 115 122 124 132 214217 222 287 294 302 319 406 465 485

224 227 232 259 298 319 353 367 469 518 538 620 662 744 786 825 Ξ 91
032 62 79 193 195 200 223 255 266 126 175 191 196 221 244 247 248

293 347 366 481 495 538 546 747 335 342 396 398 432 480 483 051

810 821 836 847 ε 88 90 140 178 53 74 110 139 211 212 228 256 292

206 211 226 248 261 386 397 ζ84 349 360 383 401 418476 508523 676

107 151 154 182 221 286 309 [313] 708 Π 30 33 61 94187453 796 Ρ27

· η34 68 73 75 195 196 199 201 208 65 77 102 122 130 146206 270 340

214 275 315 951 134 139 180 209 363 391 399 408 441 448 488 489

310 313 315 351 414 451 453 488 497 502 523 538 620 693 705 Σ 21

ι27 131 191 241 264 311 344 393 101 128 153 193 254 259 306 380

431 448 458 529 554 κ 7 49 208 214 386 425 427 Τ32 42 93 94164205

306 343 438 486 496 505 7118181 209 218 305 327 340 344408 Y 98

190195264310311312348380093) 179 182 200 210 211 266 425 431

391 430 444 447 449 450 488 506 452 453 479 493 Φ693103105113

μ55 61 69 78 106 188 197 280 379 192 229 291 315 357 439 463 495

441 ν 128230 248 254 256 271 328 611 Χ 20 33 86 9092266 280298

356 393 407 421 ξ 61 81 119 198 301 302 304 348 352 357 371 387

226 235 291 512 068 83 152 155 420 487 488498 114535 77144 150

225 255 327 359 386 435 449 491 156 173 217 332 339 344 374 440

513 π 23 37 64 85 95 136 142 157 461 469 494 515 587 594 621 626

197 267 302 318 325 373 400 447 710 834 875 894 (bis) Ω 52 66 122

ρ41 62 63 138 186 193 244 253 281 198 207 214 244 259 288 334 379

312 386 389 400 401 475 497 514 411 426 430 490 530 540 573 575

⁶80 106 123 142 149 164 170 180 642 683 784 795. ·

207 233 234 409 τ27 82 86 167212 γέα3399138 ι5 ξ214 33671310 320

264 283 315 407 409 474 488 496 σ289 327 Ζ465 Ι 517 2187 12297.

575 601 υ 37 132 145 187 200 245 γ’ α 4 26 31 163 217 226 386 403

390 φ 98 110 126 170 172 205 213 β51 109 122 127 128 132 224 274
260 χ167 215 219 254 315 325 328 275374 γ90 173 2317346 357 08

329 379 480 486 ψ 21 24 124 [128] 74 110 137 180 189 254 286 388

166 172 257 286 ω 61 79 223 251 435 477 526 595 785 790 837 ε33

284 289 328 425 435 470 532 Α 60 82 99 169 182308 ζ88 109 120 -

81 97 120 173 174 190 216 282286 283 288 η 167 299 θ 55 143 197

295 298 299 320 330 352 393 485 198 207 280 418 446 488 ι 109

506 525 557 Β3 55 170 207314 379 113 123 175 237 288 366 411412

386 420 528 577 664 694 703 709 452 477 525 537 κ 91 93 214 264

724 726 745 753 802 817 822 Γ5 7 285 330 342 350406 [475] 11198 1471

143 180 197 308 409 433 Δ 37 43 204 399 406 444 464 599 632 μ114

250 261 293 357 374531 Ε 53 544 187 216 250 255 ν5 71 92 113

155 181 258 288 321 351 362 380Ι 124 159 192 201 254 299 322 336

402 446 457 516 554 603 673 677ι 427439 ξ96135172 325 334363

686 794 827 853 897 Ζ 16 125 128 422526 0243192100210228280

129 167 168 185 192 228 284 3724 283394 π41 107150194219256
412417 427 Η 22 113 142 150 195 263 300 309439 (19(513) 105 142

197 281 292 378 393397 07 146 153 223 301 302 307 383 454455

153 176 294 311 358 423 427 448 460 466 568576 σ110254 278 288
450482 512513 1108(bis) 189206 325 398402 τ121127 215 235 291

 

