631 οὐ. 632

(conf. infra οὔ ποτε, 66 πω, οὔπως, οὔ 346H446 61401336143444648
τις, οὔ τοι). Μ 110 (οὐχ’ῗ) Ξ 471 466 0555575

666641644646633131160110 7714046042174167460463466
144164760447461 316346464 66440066106746616641406
464 676 440 347 634 644 601 ⁷¹²? 670 44444443.
74477466616616434446764 444044444444.

401 441 466 644 36 463 466 306466 666336 6166 4143.

646 167 443444 436307316 340 4444444334.

343 343444 444 444444 444 4444 6666613446470461464316
4434444433443434444434443 174146464016606341416
344 360 447 617 663 673 664 6464 446 6441.

6170 403 463 341 447664 60161‘66 μέν v. 66. μέν.

’ 444 467 461 6317436100164341 66 66 6 140 410 17161 6643 41463.
343 433 6 307 316 367 360 400 440 66 6666 (6066 q. v.) 6 306 4444 4444
44443744746661364444464665 6663611746663316466416
347 364 367 360 464 466 467 646 6407 φ 34 ψ 337 4434 6366 6441
666 611164407434466460346 616431467240441611.

363 364 373 363 414 646 107 164 4444444444.

444 434 46037416163 444444 434 601 Ι 44 666’ 6 433 4344 μ 44 6 134 336
660 136 141 173 404 476 306 3447 3666367611467161663346
3643646107 433 466 366441211 . 7161471004146664446.

31 34 44 434-343 344 616 40 44 44 44 666’6 04 A 476.

164 443 343 4 146 444 446 447 440 66 66 (6666 q. 636 160 443343 6466
307 434 444 A 44 34 444 444 434 4344 4167 346 0640 6336 6 71361
301 376 3 4 134 404 441 460 347 6617 6110 6134 2436 6440 4444
334 444 444 644 666 Γ 44 44 44 66 3766 F169 306 7440 44 433 640 660
140143 176 443 441 463 444 A 44 A 710 34403 470 6143 0634 P130
66 66 67 160166166 443 444 300 377 4434 343 613 4 443 6 411 767.
330 43433444 444433 434 444 66666116646666041164666
444444 344444 434 444 444 433 66614363806123260116
604 664 4146 166 374 641 643 1466 346 6 467 A 106 3 144 663 4143
436467364 0413446164410 4607114443764606.

316 330360 366 414 461 466 461 66666666166744141606163
463 477 7446 316 363 366 444 466 6174 164166461 461 6 164 χ 343
617 636637 647 676743141 160 61644661664464616471-47
404 476 344 630460 146 476 461 6637.

367 366 616 660 614 31171 347 60 666666641661416166 406·
77106 106 466 341 470 674 644 674 6 360 366 A 164 4444 4331 4444
- 444444444444444444334044 47166‘31617303.
401061301641661761644466666661303106103137414413
4646066617007733366640646 641131666466144666646666
769P147 166 463 616 666 676 63312136 4604340444173666
4:66163464367434766167417 N114346746P364T206446.
4713771676713413603646 6666637337.

103 163 467 464 677 660 4143 464 66 444 666 6 636 6161 166 6 561
466 346 367 400 466 613 6466104 663 P464 711.

146 344 434 444 44 34 443433 434 ,44 (444) 6’ 6 147 676 6160 443 4344.
433 443434. · 444 4443444 4333444444 66⁷ 316

6667646666063414633436300 34344333444443444344444444
3467444601374466. 667 64013303663766344 646

662640 410 314 6476 6373 376 46616647164773664616666
1611644446667661646376 416046314417414017444666
646 6476 6467 6 446 6467 447 6443 0460 606 663 P100 434 3106
χ444443344334433343444 3130367241436.

 

