994 949 949 959 999 999 349 445
626642 599 901 662 9135 199131
141 159 900(199) 901 264224 266
266 666666 ἶ4426 246 990 246646
590 664 [666] 599 919 624 644 642
666 466 446 464 666666 666 62 22
462 264 246 446 509 594 991.

6646 7 994 999 9 410 6 62 959 6664
49904999999149911594991
399 626 44 666 664 6 955 91999
Ψ 666 462 664 1419 464 644.

666664 66 199 915 990 399 359 644
2624464 7 44 666 666444 6 46
46 466 666 646626 6464 ζ 46464
999 6662 4 242 664664 466646
666 6 6 4666462 9 91 199 191
199(514) 991 919 6 64 226 949 959
6446464 6462626 6426424666
246666 6644646) 666 6 6 46462
6 442 666 426 χ 446 399 954 391
495 6 66444 466 6646646426

566

508(1) 608 614 698 799 804 Μ 99
Ν 299 368 384468 Ξ 164 350 386
449 460 464 492 678 0464 520 525
539 Π 148 241 250 701 720 Ρ231
326 566 [585] 615 Σ 70 278 306 508
591 Τ30 33 386 Τ82321330 Φ39
144 254 284 406 X 127 420 Ψ 173
188 2654516) 267 269 290 293 355
356 401 514 656 702 807 44 209 295
313 507 538 573 676 758.

τόν α 195 y 259 4 133 388 847 ε 397

9193 4241 44 74 4450 565 ν 271
407 ξ 135 6452 44 428 ρ 223 4245
401 φ419 χ328 A 401 548 582
8742 Γ393 Δ 459 501 Ε 537 615
794 Ζ 9 9304 1594 Κ 223478
Μ 450 Ν 177538 Ξ 218 432 465
0349 433 530 552 Π 187 453 577
Ρ65 399 578 Σ 153 237 Τ326 1409
479 (1422641) Ψ35 44 199 411 540
589 710 771.

Α 43 340 357 457 Β 118 700 Δ 77 τὸν α 13 36 44 80 178 210 221 252

64 466 244466 464 464 E 19 191
199 262 266664 666666 426 2266
399 11191 466646 0119 446 426
662 646 195 99 919 901 999 599
595 995 11994 499 464466 494199
149 999 999 Μ 46 266 662 11945
246 994 519 990 999 999 999 9133
919 999 490 499 099 195199199
300 490 591 595 941 909 11949 991
490 624466 Ρ 6 444 904 244 266
666 T 622 666 9 99 99 991 991
099114 191 959 309 995 459 1199
999 999 401 405 Ψ 64 666 646 466
6 444 14 914 919 999 501 599.

66 6 626426 6 44 19 444446 6466
644 464 446 462 246664 6 64262
464 949 59 995 4949 64644 95
464464 419 49 46 464266 464 4 244
246266 μ 42 466 464 494 499 4 99
94 99 4 999919 6 466 64246446
662 66 422 266 664646 6266 6462
622666 664664 466 462 493 599:
626446 6644466 χ464 64624
462 264 664 6 46 A 55 950 6 22
999 944 534 549 545 553 559 644]
662 666 664 646 644446 464 446446
466 466 644622 646 466 266 4 10
99 464464 909 909 226244 E 101
999 401909 9990) 900 z 51 199
159 190199 119 466266 0190 959
995 440 443 194 909 999 642666
664666 11 95 999 499 A 499 444ι

314 383 388 399 412 438 439 β 13
19 97 129 177 208 238 242 309
350 351 378 γ 13 25 75 102 145
201 210 225 229 253 270 309 356
397 4 3 30 155 168 203 255 290
315 332 387 414 510 524 534 556
593 641 648 680 ε 98 111 112
130 134 135 151 183 266 282 319
333 435 452 ζ 186 229 310 9 27
39 64 196 207 223 227 248 298
302 308 0 133 140 152 158 165
338 349 354 357 400 402412 454

599 579 4 1 181 208 299 333 375

388 398 446 461 521 44 60 850446)
161 263 346 155 101 144347 354
362 377 395 519552 572 625 μ 101
304 384 43 48 52 139 146 153
236 267 329 361 392420 ξ 5 19
26 55 108 121 145 148 165 175
178 180 191 207 327 360 390401
414 420 426 442 507 6 40 48 59
67 86 97 110154 171 257 265 271
279 325 340 351 380 389 434438
461 485 508 512 529 535 542 544
546 555 44 30 36 60 68 70 78 90
112 135 146 166 186 201 225 240
258 262 266 308 370 460 464 ρ 10
16 31 54 64 74 77 162 188 192
2180416) 238 247 257 272 280 294
311 319 328 333 348 353 380392
398 405 445 453 477 508 528544
551 560 574 575 585 598 614 25

 

