Ν 113 as. 114

, 467 468471 491 497 512 547 554 572 228 239 2800) 290297 324 362 382

1 585 589 599 608 617623662664681 40341942552354956335263341

704 (bis) 705 707 744 745 767 769 784 63 90 93 96 136 160176 197 210 217

³ 794 799 840 844 ε 65 89140167 243 266 271 357 364 379 383 384 390 391

256 265 267 312 316 342 353 360 389 408 456 463 490 515 550 675 811 814
396 416 417430 431 445450 452457 833 Γ 11 71 92138 177 231 255 262
470 472 162105106 108131 133 153 284 297 312319 348 367 (bis) 371 386
164 169171178185194(515) 258266 388 410 411 415 417 Δ 2 23 27 30
277 281 285 307 η4 782103122125 39 58 77 81 90 95 166 173 184 201
171 199 220 231 243 253 269 314 3151 215 277 278306 314 367 400 425 455
333 342 0 94 146 170 185 235 254 466 478 493 529 541 Ε89 1068118
270 300 304 328 347 363 364 396405 139 195 205 212 248 249 259 295 300
413 426 453 455 506 527 533 549 555 304 306 307 315 359 365 391 437
570 ι 26 70 124 131 201 203 269272 567 635 664 670 709 741 890 896 897
287 302 317 318 365 366 368 370 372 Ζ 24 43 108 117127128142147 151
385 389 390 424 459 506 515 κ 39 168193 203 207 337 338341405410
1019 3783 109 153 212 234 247254 421430 Η 25 41 48 64 81(51ε) 154
273 282 289 296 305 (bis) 306309 311 157 178201 259 261 271 478 04 26
314 316 317 329 355 365 376 397 400 4048103104(513) 122129143163203
429 455 481 484 507 542 552 559 λ 59 204 246 272 301 310314 322 328 329
64 66 101 112 126 134 137 145 149 412 454 460 481 504521 554559(513)
174 177 182 207 230 285 324 374 404 Ι 642 43 57 90 135 141 142144149
440 448 453 454 487 494 530 537 563 190 236 239 mstis) 277 283 284 286
570 578 605 609 622 626 μ3338 53 58 291 300 355 362364 367 376 378(513)
74 90 99 114118 139 163 232 245 345 398 414 415 438 470 480 483 497 506
347 382 387 422 438447 452 ν 27 34 510 581 593 594 601 604 611 635 638
96 100109132135 141 152158167 640 641 654 14101785 94 152 226 245
205 221 239 244 270 302 324 337 349 257 261 304 314 345 362 394 407 (bis)
381 387 401 405 419 433 434 436 437 435 438 452 471 473 477 534 559 Λ 29
ξ313439 87 89(511) 99126150152 34 39 98 151 156174 176 233 252 331
155 188 222 280 297 300314 320342 388 394409 415 417 (bis) 458 494 495
371 381 382 398427 449506 ο 27 34 526 550 561 606 709 711 718 722 767
3957 818395 117 128163 204 223 794 801 802 Μ 43 46 71 149176186
267 302 365 370 402 412 428449 465 285 300 348 396 405 410412 416 449
506 540 546(.) 546 π 15 16 34 38 57) Ν 21 32 140 176 181 193 204 244 251
66 67 178 230 274 279 281 297 2992 282 283321 387 394 409439 458467
326347 360 391 405 418 468 470 ρ 11 473 544 562 605 616 658 663 707 733
19 25 39 55 65 82 110 148 189195 772 797 805 814 826 Ξ23 25 38 79
243 261 266 270 279 318418 482 548 95 108 122 124 142158 161 195 235
556559 518 28 46 57 68 72 93 103Ι 238 239 253 267 336 376 420435 438
166 189 283 344 358 400 146 99 201 08153 162 178 212275 283 421 442
236 247 302 353 369 396 338 404 449 452 464465 494 529 551 607 625 627
471 472 482495 516 548 570577 υ13] 632 635 636 649 650 669 686 Π 1034
30 34 4893133162 173 193 204 252 36 40 43 44 87 90 96 109 129 147
254263 287326 375 φ941 50 75 94 162 163 185 225 242 290348 389 392
113 114 146 161 169194201 237259 410414 435 444 470 509 517 519 529
307338361383396 χ711 18 44 83( 580 622 634 652 671 681 725 769 792
γ 126 166 179 209 305 306312 330 338 800 801 804 826 836 850 851 Ρ732

344 347 348 386 481 489 ψ46 51 72 44 55 64 79 94 102 105 112 135 136
85 93 122 144 148 155 184 (515) 273 173 210213 229 230 232 234 252 264
281 284 369 ω 37 45 58 65 99 114 175 302 321 392(513) 393 395 414 420437
200 201 239 248 275 308 318320 333 495515 523 536 576 599 695 (bis) 696
341 370 401 402 439 A 104 134137 744 750 Σ37616673106176178
139 144 162176181 184188 200 208 201 205 234 320 321 326 338 339 375

 

