343 ι ζαφλεγέες - Ζεύς. 344

279 292492 437 771 347399 732
794 394 99 129293 922 94 97
149 199 192377 997 994719 724
77 121 399 937 944 799 349 9193
331 499 545 543 999 330 932 Σ 119
329 399 431 T 37 99 112 294 299
273 94 92 199 194 242 72199339
434 570 71299 339 493 9 299 97 33

ζατρεφέας 6 451. 9
ζαφλεγέες Φ 465. Ι
ζαχρηεῖς Μ 347 360 Ν 684.
ζαχρειῶν Ε 525.
ζειαί ί6 604.
1931 3 41. 9
ζείδωρος 6 229 7357 1309 Β 548
ζείδωρον 93 3463 21332 17386 9354
7593 0486 2226. 241 529.
Ζελείης A 103 121. Ζηνός 6 74 97121 Π 103 Ζηνὸς α 27
7474737 3 334. 4‘4 1793 4199 η 293 7392 929 Α 493
ζεύγληςΡ44 Τ406. “ 11735 Μ 235 Ν 449 624 ’.9213 236
ζευγνύμεναι Γ 260. 247 0131 293 Π 37 51 Φ 290.
ζευγνύμεν 0 120 ζευγνῦμεν Π 145. ¹ Ζηνί Χ 302 Ζηνί 6 78 7552 925 Β 49
ζεύγνυον Τ 393 ζεύγνυσαν Ω 783. ᾗ A 1 Η 443 8250 0104.
ζεύγνυσθ’ (αι) ψ 245. Ι Ζῆνα 97472 Ξ 157 Ζῆν’ υ 339 Ε 756
1499999919 77 231 7749799912 y 492 322 299 Ξ 299 9339 943 94331.
9145 190. Ζεῦ α 62 6341 ε7 71311 331 0300
ὑποζεύξω ω 81. · μ 371 377 ν 128 ρ 132 354 0 235
ζεῦξεν ζ253 ζεῦξ’ Ω 690 ἔζευξαν 7473 υ 98 112201 φ 200 ο) 351 376 Α 503
ζεῦξανζ 73 Ω 277. 508 77371412 Γ276 298 320351
εύξῃ Τ 495.
εύξειεν Ω 14.
εῦξον ο 47 ζεύξαο’γ 476.
εῦξαι Ψ 130 ζεύξασ’(α) ξ 111.

399 A 233 9 421 797 792 972 2473
31321792924493239242714194
77931 9372 7797233 241 919
9497121219327347399.
ἕζευγμέναιΣ276. 1 Διόςα10 283 39092217 2966569
4439492943. Ἃ 433212977199399313399997
Ζεύς 3 93 9 173 ε 21 123 304 403 33 9249174291 493 33379197
1133471391932139932499249 99977194 993 9147279 9197
49992939112727991923477 77392.

944 41799119179393111197 47349433 142 337 373 394 927
324 741 239 94 77794 399 2133 134219 227 7927929193137143
234 77299494 939 297499 719 179 1199 191 229 323 324 932
377497 7291 ,9293312941399 393334339499192111194279
434 0 220 999 911 77 249 299 339 277 399411 7217 299 291 299 297
939 9327 2292 7137 224 919 2191 313 993 939 994 μ 419 v 127 252
0 2 X182 Ψ 397 47 34 233 314199391 399371 ξ 233393 329 0 237 75 329
7319349379 1334144149 9192 493917929791919293911299

192 199 299349 9 34 237999 149
99132 1193 η 299 9 249439133
97 292 279 479 7433999 11219,
1313399419 4 39 119 199239 233
273399 399 319 497 0112 130 4799
477 923 9 422 ρ 91 39199922
424 437 537 0 273 199191 3931
333 9 239 273 9 192 413 2252
ψ 391 392 ω 42 99 Α 129 279 354
423 499 533 303 73 33 103 375 432,
7 393 A 133 235 331 E 33 229Ε
299 z 153 357 523 77 79 411479
92 141 179 219 394 397 439 442
799 117 239 419 399 7171 39 194
329 992 Λ 3 193 279 299 300 3139
99439 944 793 M 25 93 292 2791

334 379 19218 ω 164 344 502 521
529 547 Α 5 9 21 202 222 239334
395 426 570 Β 2663 94 134 146
157 348 491 548 598 787 Γ 107 199
374 418 426 A 128 515 Ε 34 91 105
115 131 312 348 396 398 631 635
637 672 675 683 693 714 733 736
742 815 820 907 Ζ 304 312 420
Η 23 24 37 60 274 8140143 249
251 352 375 384 387 412 424 427
428 444 1502 508 513 536 6081445
278 284 296 Λ 66493 Μ 37 173
209 241 286 Ν 54 524 796 812 825
837 213 160 173 193224 250 252
286 414 417 085 101 117122 154
175 194 242379 461 490 593 Π 522

 

