147

Β 140 158 174418 454 782 Δ 180

γαιήιον ψ· γάρ.

148

γαμφηλῇσιν Ν 200 γαμφηλῇς Τ 394.

Ε687 Ζ 19 H 124 335 446 460 137 γαμψώνυχες π 217 γ302 Π 428.
47 414 568 A 14 394 425 Ν 508 520 Ι γανόωντες Ν 265.

645 655 Ξ174 452 081 489 505 γανόωσαιη 128 Τ359.

706 Π 832 Ρ315 447 Σ101329 γάνυται Ν 493 Τ405.

333483 Τ259 Τ58 63 Φ119[158] γάνυνται μ 43.

Χ 17 Ψ145 150 206 220 226 256
393 869 1194311991991.
γαῖα Γ 278.
γαιάων 3 284 μ 404 ξ 302.
γαιήιον η 324.
γαιήοχος α 68 3332 7 241 Ν 43 59 83
125 677 0222 Τ34.
γαιηόχῳ Ι 183 Ξ355 γαιήοχον Ψ 584
γαιήοχε γ550350 ι 528 0174 201.
γαίων A 405 Ε 906 (351 A 81.
γάλακτος 6 88 ι246.
γάλακτι κ 304 γάλα 6 89 129711 434
γαλαθηνοὺς 6 330 ρ 137.
Γαλάτεια Σ 45.
γαλήνη ε 391 1194.
γαλήνηνε452 η319 μ168.
γαλόῳ Γ 122.
γαλόῳ Χ 473 γαλόων Ζ 378 383 Ω 769.
γαμβρός Ι 142 284.
γαμβρὸς 6 569 η 313 6582 1406 (pro
vocat.) A 739 Ν 428 466 γαμβροῖο
Ζ 177 γαμβροῦ Ζ 178 γαμβρῷ Ν 464.
γαμβροί Ω 331 γαμβροὶ Ζ 249 γαμβροῖσι
Ε 474 γαμβροῖσιν γ 367.
γαμέοντι 6 208.
γαμέεσθαι 91275 β113.
γαμέω 7388 391.
γαμέειν 9 522.
γαμέσσεται Ι 334.
ἔγημε 9 241 ψ 149 Ξ 121 ἔγημεν 7 179
1134 γῆμεν 7 274 282 Ν 433 γῆμ’
α 36.
γήμαι φ 72 158. ¹
γήμας A 227 γήμαντιΙ 339.
γήμαιθ’ 11392 φ162.
γήμασθαι β 128 ο 17 9289 γήμασθ’
9270 1159 531 9335 342.
γημαμένη 7 373.
γάμος α 226 ζ27 σ272.
γάμοιο γ 224 9 524 ρ 476 v 74 307
Ε 429 γάμου 9 126 φ25οχ5οΩ62
γάμῳ 7 415 Ν 382 γάμον 9249 277
β 97 196 205 637 770 ζ66 288
19 126 1137142 157 υ 341 0135
ω 126132 Τ 299.
γάμοι Σ 491.
γαμφηλῇσι Π 489.

γανύσσεται Ξ 504.

Γανυμήδης Τ 232.

Γανυμήδεος Ε 266.

919 9 99199 119 991 3335 999 99

119 199 111 9111 191191919119
919 999 991 911 911 111 199 919919
9919191199119111 1191199191
199 9 119 119 9 99 199 991 199991
999 9 199 119 999 991119 9 73 111
119 307 199 991999 1 91 199 999191
191 999 999 μ 191199199199119
9 333 ξ 119119119199191 999999
911991991199191 191199199991
911111911191911991119919119
191 191 199 911 999119 191 111 999
999 9 137 ῳ 99 999 χ 119919 919
99 119 119191 9 99191 1991191119
A 191 199 191999 999 3 13 33 00

192 319 612 665 Γ83 442 454 313 ¹

331 480 Ε 61 188 216 253 796 Ζ38

159 216 282 361 409 487 501 14156 '
197 409 0148 408422 [551] 1104 1

991911 911 119 999 919 999 1119 7
919999) 911111191911111111111

128 339 [543] 615 719 Μ 66 103116 1
174 200 344 357 Ν 661 666 713 736 3
Ξ63 80 120 249 315 521 0111139 ’
224451 532 596 610 613 Π 303 Ρ14 3

118 146 278 453 464 564 711 Σ 182
296 311 Υ183 211467 Φ 180 516 586

Χ 288 423 438 489 507 Ψ 105 298 ’

606 865 Ω 69 131 153 157 186 198

226461 524 550 565 637 743 774. ἵ
γὰρ 97 29 40 114 245 260 264 286
323 337 343 351 354 359 361 403
β 58 63 77 89 134 158 163 170

198 211 214 237 319 357 359410 ,

y 15 19 11 11 19191111191199 ἶ
370 313 333 334 335 303 430 00
45 91 19 99 119 191 191199199

206 237 239 368 441 597 602 638 ·

754 822 ε 223 402 404 423 454
483 ζ40 66 136 139 164 173175
203 207 221 250 265 270 η32 40 ·
51 84 99 201 20811119) 234 330
138 169 182 185 214 227 231 246
281 293 390 479 489 511 544 557

7 5 119 191 111191199199 119 ¹

 

