353 ἤδη ·- Ἠερίβοια. Δ 354
Ε 223 774 Ζ 90 113 238 271 294 430 ω 87264 318 404 407 506 A 250 260
Η 3 232 379 Θ 107 460 I 17 79 133 456 590 Β 663 669 Γ 56 98 184 205
131 157 535317515ἓὲ 5351856131 1543551 53 1333535151 533 13
587 631 697 772 780 816 833 Μ 135 Λ 821 Ξ 206 249 305 0 110 139 222
31 31171531571533 53 31 3157 5118 1415835315 3563 1ῗέ
430 0 160 176 300 409 443 663 683 ΙΨ 20 180 623 Ω 131 383 408 635 765.
61353153141373653 151 1137511135 55 A 676 A 313 2 6.
360 361 673 31 334 373 4554125151 6666666 A 343.

303 361 416 467 673 733 55155 5551515555 5555 μ 511 366 6 55.

ἠδ’ α 95 135 182 247 304 β 32 253 ἡδυπότοιο β 340 5391 ο 507.

555 5 [55] 5 76 512 552 512 5 5 1515755555) 5 555.

20 ζ298 327 55295 0306 384 578- ἡδέος γ 51 5 197 ο 44 τ 510 ψ 17

5115 115 225 367 431 6 436 1452
μ 551 377 331 5 145 ξ 552 5 554
5 124 336 ρ 55 242555 554 555
554 555 455 5 554 ψ 54 255255
512 514 515 522 525 525 555555
5 113 363 314 5141 55515 3 25
54115 152 225 555 555 600 604
633 674 636 634 636 633 763 Γ 115
255 455 425 160 316 E 147 473

555 5 613 1 25 5 63 (555) A 151
6615171350 ἡδὺν 11364 5205 11 357
15 451 τ 604 φ 358.

555 5 633 555 5 455 A 15 15555
6661195591 6 746 11265 5162 557 55184
455 [455] 555 6 331 555 5445555
5354 55 354 635111 υ 358 φ376
Β 270 Λ 378 Φ 508 Ψ 784.

ἡδεῖα 5 210 ἡδεῖαν 3 64 Θ [5501

z 415 455 15125 545 [555] 455 555555 6 30.
3 254 555 455 552 34 100 161 55575 v. 551535.

158 161 293 7156363403 Λ 302 ἠέλιος 6388 7333 487497 54551525
661 788 Μ 61 Ν 354 755 771 831 479 ζ321 11289 3417 558168558

Ξ 202 303 0358 663 Π 26191

5155151 [476] 1 1215 631 5155

Ρ77 241 335 451 Σ 63 116 377 296 471 1 234 426 433 441 υ 356
581 Τ 34 39 157 320 Χ 335 366 χ388 A476 Γ277 (provocat.) Η 421
419 Ψ 783 891 647 45 174 202 465 068 Λ 194 209 735 Ξ 185 344

262 309 514 574.

ἡδὲ (115)15α1 α 240 ξ 270 633.

7151 ml β 209 δ 235 6 194 0368 528
5231 41281424 φ191 χ216 0346
A 334 Β 265 2306 Η274 I( 98
A 703 Ν 475 Ψ 609 Ω 150 179.
ἠδ’ἔτικαὶ 3118 725.

ἠμέν - ἠδὲ 7. s. 7. ἠμέν.

ἠμέν - ἠδέ - 151555. s. 7. ἠμέν.
ἡμέν- {ffb-767. 55711141.
1ε-ἠδέ, 5 '3103 τε καὶ-ἠδέ 7. s v. τε
ἤδη 6303 β 89 164 211 402 410 11241

Π 777 779 Ρ455 650 Σ 241 7353.

ἠελίοιο β 181 5545533 ζ’ 98 11168
498193 598619 514 1533 35ξ44
5349 404 15 220 51 207 φ 226 ω 12
Α 605 Ε 120 8460 485 Κ 547 Σ 11
61442 Ψ 154190 Ω [558] ἠελίου
345 1184 15176 0538 Π188 Ρ372
51155 5515555124 6433 6366 5552
55 148 A 592 Γ 104 Δ 44 Σ 136 210
Τ 197 207 ἠέλιον γ 138 526161556

11183 [473] μ 29 633 240 (1570 582
5296 5424 Α 601 3415 Ε 267

335410 ὅ 260 267 294 5988345161
223 ζ1134 998 150 293 470 502
63763333147348471734166348 '71776067133036376

393451 ν 40151 189 ξ 133 213 230 ’4111751558 11138 15128 263 269274
516 65 66 88 177 268 350 371 1133 343 353 398 5329 Ἠελίου 1109
76 168 462 471 6137 6065175186 6333 ’1167766133 346 374 Ἠέλι’(ε)
160 192 222 270299 300359 528553 μ85.

61 90 94 208215 273 309 315 333 3471Ἥλιος 9 271.

6117 245 284393 χ 48 101 186 34636’6663666673443 Γ108 7313.

248 363 ψ 54 203 225 364 35037112155735111 Ε 389.

(inmo, Ind. Hom. 12

ἐξ 2339 Ρ367 Σ 239 484 Τ 162 308
71 .

 

