999 - 919 9 tot. 48

237 255 429 476 482 605 690801
Ζ161258269 279 363 441 523 Η70
115 141 Θ 96 98 147 242 256 331
360 374 423 461 500 Ι 229 250 376
494 600 Κ 38 70 92 114 172 276

2 316 331 432 463 480 Λ 75 97 121
236 317 407 527 590 650 717 720
796 Μ 112 169 184 274 402 Ν43
110 161 228 253 270 281 294 350
355 420448 556 557 812 Ξ 5 136
387 427473 0 95 194 208 226 229
351 401 472 477 494 508 Π 52 60
80 95 363 396 523 544 631 646 659
Ρ 97 166 277 359 405 479 502 645
691 717 Σ 80 112 134 194 265 307
405 408 Τ 23 34 65 87 90 160 214
228 410 413 416 422 Τ251269 297
362 370 377 398 468 Φ 51 106 124
133 179 198 276 422 466 479 500
562 Χ 122 161 222 264 305 340 354
385 454 459 514 Ψ70183 185 343
378 469 516 835 892 9366106 158
187 215 259 554 771.

ἀλλὰ -γὰρ Ψ 607.

0113- γάρ κ 202 568 1 393 ξ 355
9591 Η 242 9716- γὰρ 0739.
ἀλλ’ α 6 22 42 190 197 262 356 405
β 23 45 107 170 187 232 255 278
373 404 γ 97 128 208 317 323 359
410 6 28 63 89 100 242 269 284
287 327 444 537 567 598 694 718
790 799 ε 10 19 99 99 [91] 114
137 191 290 324 379 405 450 ζ 11
31 174 206 271 303 η 30 60 215
248 258 280 305 0 175 180 213
237 313 554 559 ι 27 33 96 113
123 138 164 189 207 217 228 269
288 468 469 500513 532 554 κ 53
69 291 374 386 413448 490 508
549 A 19 88 95 104 167 190 218
275 318 444 482 519 μ 65 72 108
156 188 217 284 291 363 404 ν 112
266 281 320 339 ξ 45 68 124 151
214 255 283 302 334 375 378422

‹ 467 526 ο 7 14 213 235 247 281

344 405 445 517 534 π 28 147 157
162 184 205 304 311 319 367 378

129 174 239 253 323 327 350 385 ³
χ48 51 71 91 157 237 375 409 ¹
7926 52 62 78 83 227 249 254 260

ω 161 223 245 249 323 358 437
465 471 495 Α 24 32 94 135 (ἀλλ’
εἰ) 204 233 276 281 287 320 335
378 496 512 535 547 562565 Β3
130 163 179 191 215 257 420 675
686 721 771 799 859 860 874 Γ 45
150 190 219 408 432 451 Δ 236

264 268 320362 389 499 513 Ε 19 ’
,23 53 107 201 321 380 434 522
638 646 685 701 818 880 895 Ζ 17

53 59 70100331 372 381 386413

418 450 490504 526 Η 28 99 152 2

217 229 232 243 263 264425 68
21 33 81 154 191 240295 311 312
464 513536 145 111 119 228 235
247 259 346 351 354 421 496513

516 587 602 649 678 Κ 3 53 94 .
96 111 123 126 146 175 182 222 ,
251 300 344 441 442 538 550 Λ 255 1

256 289 453 469 552 611 788 790
824 828 841 Μ 83 107 110 122
126 263 305 337 394 412421 432

433 Ν 89 111 115 121 145 153 1

184 191 233 268 381 404411 419

437 465 470 471 503 518523 560 ’

979 709 799 790 799 909 999 ,79 ἶ

101 119 142 144 267 337 366 423 g

053 162 178 410 427 461 497 556 j
576 583 586 617 676 690 700 710 ,
724 728 Π 38 62 77 240 305 450
481 501 559 610 798 Ρ 41 197 223

305 322332 338 354 379 416434 ’

448 463 526 559 565 639 643 661
697 705 Σ 63 104 178 198 252 266
328 332 387 1²15 113 137 139 236

263 347 T 14 90 108 136 167 195 ’

218 335 360422 Φ 110 193 292
305 311 333 340 366 581 610 Χ49
56 92 103 120 242 258 284 299
440 Ψ5 8 74 78 84 208 246 298 ,
319 325 414 426 441 478495 511
546 646 Ω 5 14 27 39 74 (ἀλλ’ εἴ
τις) 133 173 290 370 374 412 503
538 540 639 679 767 768.

390 430 ρ 22 48 68 194 226 229 ἀλλ’ ι’ἰγε,,6γετε, ἄγετ’, ἄγεθ’ v. s. v. ἄγω.
235 238 282 364 388 403 416 465 ἀλλ’ ἄρα y 259 κ 214 7283 χ91 237
475 491 517 σ 13 82 142 155 171 ω 223 Ζ418 Μ320 Ν 716 Τ93 96
182 280 324 325 329 362 408 τ 68 Ω 699.

99 199 197 199 999 991 999 499 919 99 9719 919 -99 0999 17909

502 547 568 υ 52 90 142 184 224

52 522.

999 911 979 391 999 910 79 99 977 ἦ τοι α 997 994 9 999 9199 999

 

