335

3407 α 242 3 74 γ 40 205 351 5102
144 215542 2 100 205 4155 244
255 η 151 4150 332 421 445 550
4 25 425 4205 524554 μ 254 ξ 55
133 210 224 242 243 210 240 242
342 5 37 134 ρ 15 201 σ 22 232
244 1 141 133 337 512 524 552 552
4 24 115 214 255 254 φ 222 225
221 4333 4353 505 455 430113
124 522 552 554 7 333 Δ 22 51
17 333 335 242 545 554 450205
z 224 410 441 422 44 44 254 404
4242324401 452515 515 4 421
4222 445 44231 4442 77 337 350
102 245 0 50 154 225 77 12 335
7154 333 Σ 122 225 4314254
3173 44 33110157 7103 422
Ψ 245 554 43 733 442.

4044 74 4 453 4 220 0337 υ 221
5103 4303 ω 337 A 173 200 7173
343 4 42 22 73 220 4422425 4422
424144 425 44410210044554252
4315 3303 353 020 44 50324 425.
404 041 42 152 150 174 135 303 334
337 244 215 241 222 202 β 23 45 50
524025101135130212212215205
315 242 354 4 37 101 (544) 155 204

208 214 246 367 380 418 420 080

21 105 103 255 250 314 314 212
310324 331453) 343 373 424 454
452 425 533 573 535 522 500 534
525 542 545 550 404 422 423 733
737 735344) 333 ε 24 123141 150
142 173. 130 315 2200141) 205 202
342 355054) 252 250 253 402 415
421 423 435 (bis) 473 ζ 54 53 110
134 142120242 353 η 2222202
242 240 250251 250 241242221
205 225 203200 3 154173303 333
311 212 355 415 452 405 555 542
411 15 33 43 34 153 137 301 303
2032122202402222142152554541)
355 244 424444 450 511 540 κ 42
140152 155 225242 244 250302
300 313 330 333 343 344 333 433
433 434 543 554 4 54 75 77 140140
174 177 300 307 313 313 330 370
374 375 403 435 454 425 402 424
505 522 524 524 4 112114155 224
221 222245 333 333 373 202224
333 333 333 433 ν 40 41 52 155
200 202 215 232 314 313 225250
335 337 250301 ξ 22 33 53 113
153 153 135 133 313 212221222

254.

4
4

333

224231254 331 337 333 353 331
225354 337 403 407 433 435 503
155 21 122 125 252 245 310215
321325 325 244 352 371 323425
447 433 540 541 543 π 33 21 25
114134121 330 335 445 435 433
7 13 44 43 4011) 53 33 103 104 140
143 152125 222242 350 334 354
200203 415 453 544 545 141 42
55 135 154122 133 303 255354
330 t 15 12 24 41 114 1211201312
142145152 215 224 253 224 223
212242 252 323 377 411 513 535
525 543 533 530 535 513 33 31 33
100 113 304 303 303 314 335 4115
315 343 333 224425 χ 43551105
155315 344 321 222 414 421 421
52125 105 130 171 134 202202
212215 222251 331 373 244251
334 255355 330 ω 25 114122125
255 252 250 224 224 202 222325
340241 402 451 444 514 A 4145
77 103 120142153 121 152 325
253 222 414 455 504 505 514 543
3 53 113 373 375 434 433 420451
7 24 1544515) 155 155 143 102 223
254050 Δ 24 45 52 150 122240
410 3 110115 137 303 215242
353 354 250250 431 453 433 733
524222 z 307 315 334 232254 373
413 421 420450 44 21 05154154
232 202 2150152 175 125242
224405 4 12 24 51 103 124142
143 150 102311 212 314 221 354

367 378 379 385 304 398 413 4154414)
433 445 443 470 474 483 430 433
310 612 614 625 345 646 688 K 61

20 21 22 24 115 124 140 222245
255 221 203 2210115) 224 222405
425 444 Λ 212 404540 554412
510 M 311 215225 Ν 42 254422
425 4744 102235 371 310 222440
442501 503 0 115 114 152 455
4740 42 51 55 42 24 112 200 222
244 432052) 435514 515 512525
230244 552 Ρ 01 22 24 223501
Σ 5 2 0011) 12 54 (bis) 51 42 20
25 120255 242 202 222 324 435
425 443 4 24 55 33 103 405211
213 254 220 202 225222 321420
421 3 31 33 223425 333101155
215 245 350 441 422 552552 420
22 42 43 02 100 122 140 233251
222 200 255352 423 432 450451

 

