635

000 100 510511 511 042 05101
105 150 170 175 203 101101110γ
230 834 238 882 515 500 510550
5 11 13 15 38 40 54 101 110000
011 011 010 000 111111150 51
1100 145 188 831 10001 101010
011055 011100101 5 8 00 00 100
110 100 101 111 111 100 011 050
t 181 185 818 828 110111111110
150101 100 105 000 000101111
111 111 534 503 4 13 30 54 83
108 183 885 φ 0 10 11 111110
00 50 51 [00] 110 000 000 051115
110 χ 11 1151 00 01 100110000
000 101 ψ 0 05 83 101 158 177
178 805 308 011000 5 104 155 808
810 838 873 874 115 011010010
110 Α 11 10101100100101 110
101 011 015 011001501 05101
100 110 111 100 155100 001 100
110 515500 005 015 000010 Γ 100
105 101 111011 000 010011015
001 A 01 100 151 100 101115151
001 000100 100 110 101100 500
510 0111011 11 50 100 110
105 000 001 315 385 338 355 411
433 437 445 504 570 582 584 585
708 755 808 8 15 38 43 80 81
83101 157158177 183 184 803
851 258 874 881 888 315 388 405
405 57 85 143 110151110 222 858
271 848 128 188 180 815 845 314
388 388 831 358 011111 1101 110
155 151 100 111 101 105 011011
010000 001 585 581 001001 71 10

11 10 128 218 213 215 885 238j

857 261 290 304 328 4070110) 438
Λ 20 23 29 34 39 96 192 228 233
245 266 300 331 339 353 358 439
458 [543] 604 626 705 788 789 792 06110ος ι 242 Μ 448.

795 809 847 Μ 50 103 174 229 334

’ 337 350 351 363 371 396 407 450

066ος - 0661.

636

331 348 460 509 529 531 652 691
715 735 740 792 800 801 804 820
829 Ρ 7 44 51 71 72 99 153 195
211 230 232 273 292 302 324 409
410 411 523 554 568 570572 577
583 599 642 655 695 696 699 Σ 16
62 142 205 326 376 381 384 408
423 443 444 460 466 610 611 613
Τ7 16 39 124 169 204 243 253
332 347 365 366 368 Y 62 80 95
127 146 169 183 282 283 289 296
349 409 410421 470489 Φ 64 117
121 145 174 320 321 322 389 409
473 516 542 54711110) 551 567 570
571 586 592 1427114131 203 204
219 292 295 307 439 448 470 489
Ψ 139 149 297 298 303 304337 384
387 390 39211010) 396 397 500530
537 540 545 551 556 560 562 564

, 577 674 677 683 765 832 834 865

1110 30 44 58 501115 05110
110151 153 834 888 00010151 110
111 110 458 457 478 514 537 538.
85 1111 11101.
85 813 0100 1500 01111111
Σ 101 Φ 558.

’ὲ ρ 387 (αὐτόν) χ436 Δ 40110 162

(αὐτὴν) 0111511 155110001111100.
101321 434 0355527617 ε 353 ζ 133
0 3964110161) 1402 1270 0117 356
11 57 59457 02435541390 φ 201
χ426 01 292 Α 236 510 Β 11 197
Γ408 Δ 534 541 Ε 391 613 625
766 Ζ 24 511 H 85 8301310 322
1 155 239 11245 Λ 249467 Μ 300
’147142 0 268 283 682 Π 456 674
Σ119176 Τ77 Φ 523 1142142
172 213 474 Ψ323 693 705 11214

0611011459 Ψ283 οὔδει Ε 734 11145
8385 Λ 144 M192 Ξ468 Π612

Ν 21168181 210211 246 280282 Ρ 437 528 Τ92 Ψ719 Ω 527 066ος
317 394 409 416 420 439 440 458 0376 1135 11 440 ν 395 χ 269 467
474 491 517 536 544 557 561 562 0161110 Ρ457 Τ61406 Ω 738.
570 574 600 605 616 643 661 666 0116έο59 6185 279 7124187 6166
675 710 805 821 52383128184 178 494 539 596 ε77 190 271 9176
141 158 161 166 172 178 215 218} 7 120 216 κ 284 318 1 126 188 425
232 253 403 406 407 420 430 435ῑ 452 μ77 83 ν 86 188 393 ξ142 363
438 075 111 156 1781832252324 392 0 213515 11 243 ρ 104 234 03
349 403 421 442 450 451 452 463ζ 1474 0114211 φ15οχ221426 ψ218
464 465 496 529 532534 540584 273308 0141 107292 14132 170173
596 607 610 613 649 686 Π 109 354 536 561 3286 Γ392 4488 8:103
139 147 185 222 225 242 244 251 119 252284 Ζ360 413417 444 6201

 

