765 τε. 706 ·

111161116116666161)Ι 611111116131631111666
333 361 113 336364 433 A 30 133ζ 366 3 63 116 136136 163 133 41643
313 (11111611) 364 [366] 361 (1111) 4661 666161 333 333 361 336 436 436 666
3143163133 333 431661666 611 11 63 (1) 166116 333 346 433 643 1
(bis) 634 636 634 663 613 646 661) 111 363 346463 463 436 433 636 114Ξὲ
613 631 133 366 363 363 Γ 114 36133113311 316 364 336336
141166333161 461 3163 336) 446466111331 133 364366 5733
3 64 133 3130616 336 6366113166ἱ 43 63 (1111) 163133 [164] 331ἕὲἓέ {gg
333 3111 331 353 (161) 466661) 431616 116 33 36 134495537 π 60)
435 (bis) H107 1631111) 316 311 611 ; 333 333363 333 433 8
6133363663 661 641 661 166 131631441633413633344316 ἱ
136333 343 631 11 1311111) 163 307 30 137 164 113 333666 661 666664
436461631663 36366146166 663631313611113134111316
164 134 363 314 334 414 631 (111) 336363 444 5 43 341 343 Ἥ {10
7'=·- 11611111) 500 503 504 163 701⁸ 315 333 373 34⁷8 437 111δῖ196209
133 61163 146 143 166 (11 - 11111Ι 336 416 434 434 A 161
-)1’)33611163133 333 3136111)Ι 363 431 433 544 333 133 145 {ff
333161· 3316116) 436 6141 363) 351 333366 374 530 043 663 Γ
66301116 663 17 334 333 413 636Ι 111 161 336 333 313 336 3 43 634ἓὲ
666666 616 636131 314 ²⁸=23³⁵i 33 301 466 3153 100 103 {208 373
(61161111611116)466634(6331611611Ι 443 643 633 143 363 33 13457 65
11163 43 33 333 336 334 334 (111) 13 66 133 133 366 333 366 340 479
433661) 466 646 530 31666) 34 13 133 1333336) 316336 - 7
133 333 646 63 333 663 (1111 = 1336336 443 433636 1133461 1111
eaeque) Φ 3560113) 408 486 Χ 2 τε) 226 (τε-6633) Λ103ῗ27 {3} ἕξ
16 (111- 1-11) 133 433 Ψ 116 363 111144 11111 333 108 11119 141
116 (πάραντά τε δόχμιά 7) 260 310 1.1 164 280 333 012 4751ὑ 707 1163
16 31) 363 336 436 646 730 6 36 363 334 366 336 336 457 458 583
0· - 11 3361111663 136 361 366 333466
{0¹} 633 (5166) (Ἤ Z 1) (646) 646 332374707} 7515031313383301142}1335}{-8
3⁵3 mo} 113 (θ’ - 11111- 666 3161 313411 3366 343 366463
191103303010664464806 470 473 574 0 73 30 103 464 540 553 Ἢ3 ξ1ἶὲιῖ
6111616131 11 33 31 11161 611111 111
463 11333 463 ν 300 5173 034793 51505301031472030.
02356020 006 63ἳ31ῗ1001203400οψΑ209 53-13 καὶ (0011. τε καὶ) α 246 γ 4ξέ
6011θὲ62510 1651661701 ἔέῗ) 631111 1136611161
²⁵⁸ 63164137 ⁰²4⁰³ 4161ἑὲ36 14ΫοΔ15121Ρ12011111111111
6163 64666666616414 33 4330 614 1163ὲ116ἕ11656844ξ646 1 1311 12 403
, 347035300 61051 χ 00
³³³ 0013ἷὸἳὲ34- ..1 13111113311111111111
τε Ϊιτε(ἷὲἓί1ἷῗ11τε-κο04ἷεὸςῖετῖ 6κῖεῇ 3163 Χ 66 Ψ 613.
61111 11323233313 1 17 2703· 1
3131 331 364333 334(631116161111111-1 142-2ἶ3 053343513356413237 ἓξὲξ 3 ἓξ ·
{373⁶ss333483377238071394021153423235312? 3466 1113 11313 753 ,(1136
633611611346133116333363466 -1-161)116111 3 7

 

