91 ἀράβησε- ἀρασσεν. 92 4

283 494 Χ 23 27 292 439 470 Ψ103
384 517 99 978 475.
ῥα α 263 333 6321 384 γ 143 337
1151 366 524 ε 28 ζ 198 217 238
329 η71 910 44 81 186189225
226 416 423 458 469 152 107 330
4313 ξ 7 233 313 446 449 116 60
11 50 154 336 415 ρ 172 197 356
396 σ108 209 999 259 462 916
964 148 184 χ 236 292 1144 366
ω 211 351 389 501 Α 56 113 360
405 430 500 Β1 21 48 77 310 853
Γ 187 310 355 447 A 379 419476
Ε 15 70 77 209 280416 427 503
511 537 543 615 676 752 Ζ 18 131
179 390 Η 19 45 225 244 Θ 128
· 200 300396 7 559 566 Κ 318 372
562 Λ74123 182 231 349 419 482

111411 111 11 111111 11151 999
114 111 111 411 411 1115 [45111
11411411111111111111111
11115115115151154151111 1
1111141115111141111115 3
990 11111111114111154111 1
111 9759 15 111 515 514 951 999 1
111 111 11111 115 111 111114
111 999 114411411411 510 111
119 195 990 411 411 445 511 599 4
919 77179 991 979 414 579 599
11151 111 1141 950 599 900 111
111 111 799 111 997 994 971 979 94
514 511511 141141111111 4
919 414 1111 99115144194 1
111 115 111 415 414 591 9177 999
411 41411 111 111 1111111115
999 99 91 109 415 411 14111111

498 499 508 577 744 Μ 162 307 ἀράβησε ω 525 A 504 Ε [[42 58 294
380 445 454 Ν 125 146 201 347 540 0260 Ν 187 Ρ50 311.

352 356 364 410 514 554 644 646

111 754 115 41 141 111 494 410 1111111115.
494 490 511 1114 115 111411 ’199999999919971
441 411 144 114 77190 999 141 9999 9 90.

328 426 577 750 Ρ110 200 213
342 516 578 Σ 163 491 Τ424 Τ77

4
ἀμφαράβησε Φ 408.

ἀραιήν Ε 425.
ἀραιαί Σ 411 Τ37 ἀραιῇσιν Π 161.

259 347 438 Φ 143 200 236 299 ἀράρισκε (ips.) ξ 23.

944 499 499 590 111 197 979 999
901 111115411 1114 141511 511
111115 11115 909 457 511514
999 977.

ῥ’ 9 90 199 197 154 441 111111
149 995 999 979 994 407 494 7191
447 499 141 111 111 490 504 509
579 909 9195 991 999 999 459 475
11111 99149995 1145151
144 111 111 451 451 415 1115
9 191 949 949 991499 999 11 940
141111111 999 907 479 9991
904 151111414 111 111 115 111
111 111 1111411 9191 154111
499 9 99 111115 941 111411411
1 11 99 41 15 90 179 909 411114
9959 900 999 945 151411 9499
447 499 595 597 111114 1 11
59 90 199 175 191 991419 2997
991409 9179 945 9 5 149 949
999 491 445 497 511511 A 451
414415 511 111 11 111 111111
141411 111111 749 759 111 111
114 144111 A 15 99 910 999 449

ἀρσε φ 45 ἐπῆρσε Ξ 167 ἐπῆρσεν Ξ 339.
111111 111 151.
ἀρσας α 280 ἄρσαντες Α 136.
ἤραρε ε 95 ξ 111 17110 Ψ712 ἤρα-
ρεν δ 777 ἀραρσν Μ 105 Π 214. ¹
ἀράρη Π 212. 4
ἀραρὼνε 252 ἀραρόντε 77 169. 4
ἄρμενον ε 234 Σ600 11111.1111.ε254. 4
1111111111. 1
ἀρήρη ε 361.
ἀρηρώς κ 553 ἀρηρότσςΔ 213 ἀρηρότι '
A 1341111111 Ο 530’ αρηρότες β 342 1
Ν 800 0618 ἀραρυῖα ζ 267 σ378
0737 Ω 318 ἀραρυῖαν ζ 70 χ 102 1
155 258 275 23744 Ν 188 407 Ξ 181 ,
9: 911 7999 1111111111 144 1114 3
χ128 11142 Μ134 Σ275 ἀραρυίας
φ 236 382 111194 Γ 331 H 333 438
1475 A 18 Μ454 Π 132 Σ459
1111 0995 1111111111 11111
ἐναρηρός ε 236 ἀρηρότα η 45 11114· 1
αρηρότα Ε 725.
ἠρρῇρῑιὲ g56 404934944644 338 Κ 265
παρηρει 1 .

447 459 467 501 524 Ε 334 587 ἄρασσεν ε 248.

612 708 715 735 780 802 849 871
Z9 158 167 312 314 402 Η 55 2561

ἀράξω Ψ 673.
ἀραξεμ412 422 Μ 384 Π 324” αραξ

 

