293

Τ19 127 52 409 ᾖσιν α 4443 74
9398 ιι 553557 ν320 σ 345 (33011
A 339 3213 6446 Ν558 Σ430
Χ 296 ᾖς Α 205.
ᾖφι φ 315 Χ 107.
ἐπαιγίζων (33.3 s. 3. αἱγίζων*.
ἐπαινὴ I 457
ἐπαινῆς π 491 564 ἐπαινῇ ιι 534 147
ἐπαινὴν I 599.
ἐπαίτιοι A 335.
ἐπακτῆρες τ 435 Ρ135.
ἐπαλλάξαντες 3. 3. 3. 311413σωῖ
ἐπάλξιος Μ 409.
ἔπαλξιν Μ 381 397.
ἐπάλξιες Μ 424 430 ἐπάλξεσιν Χ 3 ἐπᾶλ-
ξεις Μ 258 263 308 37 5.
Ἐπάλτην Π 415.
ἐπαμοιβαδίςε 481.
ἐπαμύντορε π 263.
ἐπαοιδῇ τ 4571
ἐπαρὰς Ι 456.
ἐπάρουρος( 1 489.
ἐπαρτέες (ἑταῖροι) 16 151.
ἐπαρτέαςξ ξ332 3289.
ἐπαρωγὸς 1 498.
ἐπασσύτεροι π 366 Α 383.
3444334 ρους 31333] 11134 114131
ἐπασσύτερον( 4131111).Δ423 1
ἐπασσύτεραι A 427.
ἐπαύλους ψ 358.
ἐπαυρίσκω 3. 3. 3. αύρ 31333
ἐπεί (.conf 631131 2231) 244 263 34213
327 (378 398 407 γ 103447 δ 233428
573 806 3131 η 29 35 205 242 249Ι
024 50205 371 115 516 κ 346 11
246 14304 359 391 ν 70 ξ386 461
0 333333 977 333433 515 π 31 (3311
θήν) ρ 28 85 178 531 573 σ59 33771
ν 99 ω 43 349421 440 467500 Α 299
352 416 458 484 Β 171 421 1'59109.
A 476 2222 333 355 H 288 ἩΙ2151
11514 A 871ἐπείτ 1 225 498 3631334113)
641 Μ 393 (ἐπεί τ) 407 Ν 68416 505
775 Ξ 280 340 383 510 0165 242 4181
Π 206 [615] Ρ577 647 Σ436 7307
Φ 93 483 99 423 547 557 684 790. '
ἐπεὶ α 2 37 150160176177 205209
220 226 238 297 299 370 396 β 96
135 155 199 278 282297 372 147
65 67 70121 130133 166 197 2441
250 322 342 358 368 373 395 455
431 433 433433 941 433333133ι
204 260 352 490 [5111 523 541544;
583 647 811 ε 95 137 153 201 2121

ἐπαρύζων - ἐπεί

294

358 364 ζ33 47 93 99 167 187191
279 325 η 167 184 227 228 340 979
91 143 196 232 236 360372 397
446 451 454 485 543 585 ι 87 135
296 347 352 362 478 11 58 75 79 87
112 152170 181 213 219 237 318
364 414 453 499 134 54 98 151 249
264 282 385 390 456615 1111372
175205 218 227260 308 364 ν4
48 133 159228 259 297316 ξ 18

. 69 111 175 212 368 404 454 467

481 0 92 96 143 253 303 346 375
489 501 π 9 24 55 78 288 478 480

· 549 99 99 333 333 334 343 413

4331331433 331 334333 9 99 199
174 905 343 343 333 434 433 43
33 33 33 133141 313333 331 314
433 333 5 33 33 33 109 159 131
333 333 334333 331 333333 331
φ 33 33 33 33 133 131 333333
333 333 313 333433 χ 31 113433
7 59 33 33 133 333 314 333 333
333 331 333 331 900 954 ω 95 191
905 907 954 991994 999 990 433
433 133 113 114 113 133 133331
334 333 331 331 434 433433 515
519 905 9 19 115 917 497 433 433
314 331 11 4 33 314 333 343
A 917 344 333 331 333 313 3 33
34 133 133 333 441 313 333 333
999 990 999 1 77 143 133 343333
433 444 474 504 599 74 33 31 133
143 133 133 133 313 919 999 9194
999 949 997 499 7 99 33 33 113
133 133 313 333 333 919991941
344 959 419 495 499 499 995 143
33 3133 910 999 947 979 333411
mw9mwmmm
409 595 949 791 745 790 Μ 13 33
133 313 333331 343 333433 131
174 909 999 447 997 797 749 757
777 ..3141 333 333 333 433 01
11 191 959 333 333 333 333 433
433331 333313 17 55 190 311334
994 495 497 507 599 999 333333
P90101 114 195 147 133133 949 970
999 409 909 941 333 33 33 33 131
199 995 995 333333 933 914 719
191 157 919 947 901 919 333313
343433 3 33 31 33 143 133331
909 971 999 440111919104 133
333 333 433 433 433 475 499 519
²94951197150191950140499909
959 999 149 919 99 14 49 (9. partic.!)
19*

 

