οὐ. 630

Τ 364 373 ὀτρύνοντος β 423 τ419 393 444498 623 μ107118130154
0199 506 ὀτρύνοντι Δ414 Μ 468 182 209 354 358 382446 ν 324331
ὀτρύνοντα Δ 294 ἐποτρύνοντα Ν 767 *E 83 138 145 222 355 363 378 388
Ρ 117 683 ὀτρύνοντες β 74 Μ 266 488 513 ο 88 96 280 374 494 546
Ξ 131 Σ 584 ὀτρύνουσαψ264 ὀτρύ- π 194 347 372 ρ 7 20 144 145 153
νουσ’Β94 451 ἕποτρύνουσαη262 17553) 307 319 373 381 415 455 483 576 587

,Ω 297. j σ 36 132 149 230 259 287346 τ 20
6τρυνονιι546 μ144 206 16τρυνεΔ2541 27 163 314 348 υ 46 155 181 273
310 Ν44 90 0560 568 695 Τ174ζ 284 φ 91 152 171 254 312 χ 67 70
ὤτρυνεν Γ 249 Ε 563 P 215 582) 254 316 415 ψ 40 66 100 168 214
6166 ρνρνν Ν 616 16616 χ 111. 116 116 ω 116 116116) 111161161
61487 ὄτρυνενβ 392 ζ 2541226 ὄτρυν’) 443 45611116) 465 479 Α 28 29 115
λ 214 ρ 362 ὤτρυνον Ε 520 Μ 277, 132152163 289 296 495 526 566 603
ὅτρνννν η 611. 6 16 11 66 66 61 61 111 116 161
ὄτρύνεσκονΩ 24. 1 203 214 233 248 296 641 686 687
66666616 Ξ 666. Γ 11 166 111111 166166 Δ 16 166
ὀτρύνεσθε η 222 11425. 235 286 372 374 413 437 Ε 106 139 “
ὠτρύνοπο Η 420 ὀτρύνοντ’ρ 183. 154157192201253 257 278 286 287
ὀτρυνέω Κ 55 ὀτρυνέεις K 38 ὀτρυνέει 303 34111116) 379 407 517 571 757 759
β 253. 812 872 Ζ 124 222 326 411 489 501
ἆτρυνὲτου το 116 Ν 209 ὀτρυνέουσα ο 3' Η 140 143 185 242 812140 154178
σ 186 χ434 496. Ι 238 299 400 448 473 482 483 I 28
ὄτρυνοξ 261 ρ430 ἕπότρυναςθ 185 56 228 388401 545 625 650 K 79
ὤτρυνε Λ 73 Ε 461 470 792 ¹Z 72 104 422 500 Λ 116 339 384 452 665
9398 14158 Λ185 291 Ν155 0500Ι 668 Μ 79 165 225 246 393 N? 8
514 667 Π 210 275 Ρ 323 Τ349Ι 49 89 262 268 424 512 556 560 713
11186 Ψ111 54143 ὤτρυνεν Π 532 714 808 Ξ 99 105 110 168 299 386 ι
ὤτρυν’ Ω. 302 ὄτρυνε 3 15 ἐπώτρυνε 472 521 0 18 292 325 461 521 556
0 456. 583 585 665 737 741 Π 62 70 74 141
ἐποτρύνω 6189 Π 525 ἐποτρύνῃς β 189 232 302 509 520 796 Ρ 5 19 33 205
ὀτρύνῃσι 059 ὀτρύνῃσινξ374 ἕποτρύ- 221 372 449 502 761 Σ 101 128 160
νῃσι Π [690] ἐποτρύνῃσιν θ 45 ὀπ- 296 328 363 Τ 61 92 136 149 162
οτρύνῃ ι 139 11130 0148 ἕποτρύνη- 202 210 388 423 Τ 89 129 188 195
τον Ζ 83 ὀτρύνομεν οι 85 π 355 1165 211 265 286 339 430 466 Φ 92 175
ἐποτρύνωσι ω 355. 224 229 310 370 379 396 439 X 13
ὀτρύνειε 6306 ἐποτρύνειε ξ 498 ἔποτρύ- 47 103 126 193199 201 219 256 283
νειεν ξ 461 ὀτρύνειαν θ 90. 380 424 498 Ψ 44 70 75 77 150 184
ὄτρυνον ρ 75 χ484 Π 495 Ρ654 Τ69 245328 411 469 553 606 619 621 627
Ψ49 ἐπότρυνον ζ 36 0 258. 725 795 834 Ω 52 66 69 131172 296
ὅτρύναι ο 3740 8219 mmmmm. 300 331 385 394 524 550 565 739
1661666111 1166 661 ν 116 111 116 111.
ο 217 287 ὀτρύναντος Κ 356 Ο 744 ού α 236 262 β249 γ 28 208 352 375
ὀτρύναντος T 54. 1164223352 η 309 8175 212 11170
ἐποτρυνώμεθα θ 31. ν 318 417 ξ56 6212 π 23 85 202
66 α 11 666 661 β 66 61 66161166 ρ11 6111 666 ν661 666 φ 116111
170 198 251 274 275 319 y 14 27 82 χ35 οι 251 Α 114 Β 190 276 392
138 146 11 31 62 104 193 200 292 614 Δ 242 510 Ε 53 819 Ζ450
558 559 561 566 638 664 754 805 846 11393 1125 267 425 K 91 165 Λ 75
ε 15 16 23 113 141 211 212 341 404 Μ 58 304 447 Ν309 391 141416
ζ 173 182 240 270 η 32 40 208 210 480 011 228 496 Π852 Ρ153 410
239 θ1341381471591661671790116) 641 Σ 189 282306 334 Τ124 12101
214 232 246 293 315 553 557 ι5119 256 349 361 X 86 250 438 Ψν46
125 136 228 275 281 304 352 500 440 668 Ω 33 207 214 239 594
ιτ 73 93 291 1, 66 101 210 219 264 683.

 

