659

115 422424 2242 11112124
142122.
πάντεσσι θ 21 167 538 μ 337 ν 232
201121 1112 1102 131 71⁵9 450
1211142112124112221121
522 1245 212 2521 1100104
102 1222 1111111111 1 121 1151202
71173 πᾶσ1091273353 1110339
205412 554 112 122 1124 252
1110 1222402 1222 422 1255 150
52 541 1522550 552 1222 1 121(
303 353 333 412 121 221 15 222Ι
2142 1112125111421 1122)
1140 200 11412 2240 242 12511
M 242 11222 ,4224 0122124222
543 11124 2420) 1212 411 150
2212111425105241422. 1
πᾶσινα71013403406176183777(
1222112012214211111204
552(1)1121222512122121 421Ι
111112551541112112511212
1422 425 1121 122121 141 212
12241 1222 411 511 521 2225
512 1212454 121212 22 1422
11124 1112112 120 02122102
220 11122 220 1222 211 2222
2102152121 2125221441.
πάνταςο1293091174284330086
121 141 121 212 424 1100 222 115
22112152212114225141202
422452 1112511 1122 110 [141]
1240220 121202 11222 404 1242
251 122 210 244 1224 514 1100
122 142 12122222 11211220] 224
«252 212 142 24 422 450422 522
115 214 545 112 22 22 224 A 337
12221151204221142122150
225 224 1 11 [2111422 154 15
112 111 212 212 200 52011252
402222 1112414251140151
’.1124122221502 0212 11152
122412 122 222422 212 241212
11421 122110 1410 0212212
1414 1122 220 151 215 353 333
11151 135 535 303 703. 1

11111111 1201 1141 35 30 11011203
11111221 1111211 14121404 154ος

Π 333 340 801 3473 Φ 117 300 345 (

11111124 222 2 103. 1
1211451 1224 333 A 111 3431i
111411222111211212452(
1221 21102. ,
1111111111 173 353 410 2222 411Ι

πᾶς.

660

437 794 4302 ζ 65 10310 1109 222
1524 037 204 280 329 410 211
178 194 ξ103 160 213 0 71 412
π 148 0355 594 601 0189 266 271
τ 305 504 561 0) 535 Β 330 Ε 430
Ζ 441 Θ 26 559 I 135 277 Μ 285
Ν 632 Ξ 48 215 220 0189 Ρ 515
112112 2124 11210 420 1111211)
2403.
πάντων 3 330 0259 ξ428 σ131 243
77333 01121441 211210.
πάντεσσι 3343 πάντεσσιν ν 433 κάν·
τεσσ’(ι) Ψ 671 πᾶσι 0 213 545 υ 174
1221 11021 11112 1121111121,
πάντα 1955 205 227 265 306 335 346
368 389 414 γ 62 114 315 457 δ 209
240 266 379 410 468 494 592 654
(010 adverb.) 738 745 [783] 276 136
210 216 219 244 247 300 ζ46 67
93 281 1194 134 257 054 211 214
318 348 394 427 431 468 1123131
149 238 245 (010 2612153) 309 (010
2612153) 338 342 (pro adverb.?) 383
511 1116 289 306 404 424467 λ 178
223 035 363 ν 203 (010 adverb.) 411
’417 ξ76 431 434 ο 12 54 132 156
11286 388 ρ 21 80 534 590 σ 167
(010 adverb.) 170 230 15 23 93 525
121222 11122 1251 12 122214
336 0) 25 122 123 303 446 (pm ad·
verb.) A 257 286 367 466 310 429
485 Γ 72 93 282 Δ 320 363 389 (pro
adverb.) 135330131 (111 111111.) 420
807 (010 adverb.) H 207 318 8146
539 Ι 35 61 331 442 645 14104169
211 Λ 176 613 (010 adverb.) 768 Μ 28
133 Ν 375 729 826 Ξ 171 235 [269]
212 0152 11422 124 242 (2) 112
Σ 328 407 409 412 485 511 Τ90
140 186 226 247 Τ34Ο Φ 51 235
600 (010 adverb.) X 115 120 491 (010
adverb.) 512 Ψ 20 96 180 483 594
626 Ω 232 379 491 624 11431τά43
1254 7 1021111) 221 12221111) 412
ν 368 11 61 0543 556 561 1352 231
ψ 308 A 305 Β 643 (010 adverb.)
12110111) 225 11 124 221 1212
Μ176 385 Ρ632 Σ 142 499 Χ71
(010 adverb.) 371 Ψ 66 (0102111215.)

> 53 334 11112 11 122 11222 2214.

πᾶσα 0416 ν 163 ξ306 Β 780 773
M 398 Ν 13 772 0625 Π 69 384
412578 Ρ333 650 Τ362 405 1316
387 Φ 136 375. ’

 

