381

550 1995 566 μ 95 594414 ξ 159
159 919 945 591 5 99 55155919
995 5515141495 419 5499 551
554 5 51959499 5 149 511495
594 5 9 59 911599 5 99 194 519
915 955 5 159915 549 Α 119 459
599 599 3 195 915451 A 159 955
959 915 559 z 356 361 459 444 1195
99 14 159919 599549 1599] 5[5]
199599 1549191 595 459 595
555199 11999 999 944 519 559
MmmwwNmmu
115 613 ,559 195 945 94999599
599 701 11159 606 19959 954495
199144 330176363363136 T 103
176 336 111 171176313106 0366
995 11149 949 959 545 415 1156
370 591 600 611 660 3136366331.
5555555149 5 911 ξ 191 5 555154
111 5549 A 563 Γ 994 1545495
A 331 107 1419 Ψ 59 595.

95555 5119 999511 599551 919119

192248 y 333 275 319 ὅ 71 158 447 ·

452459 650730 419195 195156
9542 50 75 134 3365 395 450 483 571
577 ι 272287 368 435 501 κ 317
373 155 87 102181395418 μ58
217 266 427 ν 145 154 263 339 342
ξ113 146 310 397 445 490 9727
132 172 202487 15 25 28 37 99 257
306 331 342513 595 9113135 228
323 330 390 406 τ 71 210 283 343
485 υ 5 301 304 φ 105 126 218
[276] 302 355 χ 11 87411477 ψ 100
168 223257 260 ω 90 163 248 391
511 545 1124 196 209 217 228256 378

θυμοφθόρος -·

095509. “ 382

5991991559599 599 59115199
5 19 59 5 515 366 A 136 199195
3 36 A 163 551 5 499 999 949
z 117 6 199559 7633 633 675
11491 A 66 313 103 111 459 11419
5415 9 155 949459 1999195999
449 594 676 31 5 15 1954 545
419495 459 959 191 411559 1199
1459159 49 519 549 959 599 95555
5 99 191 5 30 5 199 9 191555555
5 95 95 [157] 5 959 915 99 119 5 55
15 999 919 494 5 59 59145151
519451 199 195 995 5559 5145
919519 5 49111591495459 5554
519495 5951599, 5 159 955595
5191995919 914 959 5 111 959
919 994 599 5 99 95 999 5 91 519
5459 5154191 959991 545 5955
A 305 313 133 6 5149111499
Γ 99 595 459 A 306 303 131 531
5 155 911945 419 519 519 511 915

>676 691 792 806 852 869 Ζ 17 51

72 202 Η 131 173 890 147 270
1 189 255 386 496 587 612 637 645
Κ 17 355 452 495 506 A 331 381
433 792 804 Μ 150 179 250 Ν 8
86 155 418 468 487 654 660 704 808
Ξ 20 40 104 161 316 439 459 487
Ο 24 98 208 321 403 500 514 594
667 710 Π 52 119 210219 266 275
355 468 520 616 655 656 691 828
861 Ρ17 123 226 236 267 616720 ¹
Σ29 92 113 178 461 Τ66 229271
1²33 32 290403 436 Φ45112179
296 Χ 68 78 91 263 312 ἱ05664149
119 147 176 196 467 568.

9995 599 19 199419 51495155 9555595555 5 595.

243826 Ζ 157 167 326 417 486 524 θυμοφθόρον (κάματον) κ 363.

Η 2 31 4495189 192 839 138 430 θυμοφθόρον (ἄχος) 0 716.

1199591 4551459] 537 536 71 63 9555559555 (aecus.) 9 599 z 163.

205 234 447 492 [531] A 340⁴ 520 θ’ὗνθντ’(α) Ε 96 A 188 203.

555 608 Μ 228 Ν 82 163 337 386 θυνόντων Κ 524.

485 623 670 Ξ 50 67 132 156 158 θῦνε 91449 Ε 87250 A 342 570 Tm

131 207253 306 337 0155 212 299

493 0119998 446 Λ 73.

551 566 661 671 1755 999 955599 95955 (55555) 9 155.

544545 1954 494 451 495 595 595 5555 5 59.

594 99 53 331337 7161367313 95555 5 361. ,
1191 195 9 55 111 919495 455 5555551499 9545559919.
51455519199994 1515 549994 95555555 5 145 5 519 591.
49 49 91 149 955 995491 595519 95555555 61 331.

748 762 778.

τεθυωμένον Ξ 172.

θυμόν α 4 294 323 β 116156 δ 117 θύραζε 19586515.
199915 5 999 995 999 555 555 915 9555555555 X 63.
407 424 444 464 468 ζ 118 ι 290 θυρεὸν 9 240 313 340.

 

