637 · ’ 6664

464413 1136 363 346 416 1133373
376 A 333 343 717 M 30 363331
Ν 363336 337667777 363 336 6166
343 663 17613 746337 337 366 333
(κ’)616) 763 3136 133161 7 373463
16 363616) 0 63 133 363 336 416 441
313 ²373 333 336416 643 341336
44 313 336 414 413 436 433 433 646
661 663 666 616 631 637 767 737.
66666113 366 6133 146 336 363 336
6 33 361 433 636 366 6137 313616)
313 1136 361 376 6 113 163 316
3163 177 346 336 331 344 363 663
676 6 34 36 143 144 176133136
376463 6 373 447 1 143133366,
664 μ 43 63 616) 117 113164 6361
363 313 343 333 313 336 ξ 31 34
33 166 313 373 333 436 634 6 33)
6 37373437 ρ 116 333 373333
6 4 316336 341 467 6344433 6 334
373 6 33616) 36 134 313 333 χ 66
137 333366361416 6663333137
366 6 33 A 113 113 134 363 3 33
773 333 A 64 137 334 346376 337
477 616 334133 364 331 466 434
476 433 637 666 3336 433 663
11430 6144 166467 431 16663
333661 636 11 36 36 113131417
433 666 A 36 336 1716 46 66 33
136 136 173 347 333 333464 11663
667 634 647 637 336 ,3133 313333
343 316 337 434473 663 6163164
466 416 633 667 673 633 1134 167
367 336 474636 736 313 3176 331)
376361 333 466 467 641 3333447
7 73 166 316411 3 37 337 367 466)
673164 134 666-666) 341 366
461 436 463 676 11163 333 31331
311331346 466 433 616 631 633
313 64 36616) 363 364463 666 666·
666 6 13 364416 6 36 44 63 316
376616) 373 373616) 333 336 313
313 376337 413 614116 143 333.
331 363 6 136 334 336 346 333 343
366466 667 676 716 733733 366
ε 43 36 31 143 173 177 347 404
η 33 117 6 164 133 313336 336
333 164 33 113 136 147 366336
377 333 636 6 36 73136131133
314 343376 1 43 134143163334
333 344 614 617 μ 16 77 73 33
167 137363 6 136 343 364 377
334 ε 66 33 33 136146333333

638

6 346 6 6 136 144 166 166176
316 433 433437 ρ 17 73 133 141
164 333 461466 464436 6 341
333366 330 7 163 366 363 336361
366461433 6 171 316363 6333
317 χ 36 61333433 6166167
166344 366 371 373313 6 166
333 333 334461 476 A 30 33 37
130 131 336336 313 336333 330
637673 13 166 176 336 336 413
441 433 433 643 763 163 176136
316 363 343 363443 A 63 133334
346437 613 317 31 34333 337
313436 631 646 661 674 713767
363316 z 33 133 141 130 333371
407 313 1143166133 317 363437
6 33 37 113 136 334346 331446
473433 [661] 1116 334 373 376
373 331616) 336 333 461464441
446 1147 116 133311 334 336 333
616 A 71 133 336366 363 676
336461 664 616 666716 113 73

. 106 113 169 184 222 238 290327

329 351 364 406 460 Ν 10 28 30
70 104 106 117 160 289 302 324
344 371 395 397 410 419476 510
521 645 702 712 715 761 Ξ18(513)
51 5880135 141 277317 319 321
333(bis) 326 327 344 374 403 078
107 168 215 236 240 274674 706
708 Π 60 323 458 479 522 601 638
659 676 709 731 737 771 814 852
Pl 9 44 66 89 168 246 363 373
399 401 491 497 565 626 637 656
697 702 Σ 90 91 102 185 215 238
330 Τ 77 107 188 322 31333163
112 183 247 264 266 361 369 398
421 426 467 Φ 50 130147 358366
495 591 594 608 Χ 78 88 91 126
136 201 206 220 279 290 293 301
328 349 351 356 371 445 Ψ 100
346 388 527 603 670 690 835 863
895 Ω 92 115 120136 339 411 462
οὐδὲγὰρ 6563332 76327 333 7335.
0004 γὰρ οὐδὲ Ζ 130 Σ 117.

οὐδὲγὰρ οὐδ’ Ν 269 Ξ 33.

0003 μὲν 7. 3. v. μέν.

οὐδὲ μὲν 65636319 Κ 299 Μ 212 Ρ24.
οὐδὲ μὲν οὐδ’ κ 551 Β 703 726.
οὐδὲ πῃ μ 332433 χ 25 140 Ζ 267
Π 110 Ω 71.

οὐδὲ ποτε ε 39 6131 ν 137 Ε 789
0408 Π 644.

 

