501

Β 661 Γ125 Ζ91 272 Ι 144 286
Ν 431 Ω 209.

μέγαρον α 276 416 77180 n 432 ν 51
377 77104 341 413ρ604 324 7796
φ 58262 χ299 457 482 494 ψ 20
24 ω 449.

μεγάρωνα 374 6139 400 71728 ο91
730 37 φ 387 χ 172 375 399 77440
Θ 507 547.

μεγάροισι α 269 295 γ 186 354 δ 101
192 238 392 557 624 714 η150
θ 42 227 242 77150 348 523 λ31
119 162 341 78 77106120 ρ 79
143 521 716 87 327 486 497 529
332 333 υ 67 274'3 30 41 173 337
χ56 151 211 322421489 491 323
56 60 355 ω 382 392 412 Α 418
Γ 207 Ε 193 270 Ζ 428 1465 487
561 Λ76 0439 27325 331 1169 434
510 Ω 219 427 497 533 726 757
μεγάροισιν α 27 432 β94 299 γ256
360401 6 2105375877 734763 η 12
53 731 77 338 452 λ68 182198
ν 337 384 403 ο 354 77 38 77 269
284 314411 ρ358 569 3133 221
267 307 794139 217 254 490 573
v 389 φ 360 424 χ47 222 313 ψ 113
132 302 363 ω 129 162 Α396 Ε 805
Ζ 217 371 421 528 Η 148 8520
Ν 667 Ξ 485 502 7339 (9475 12603
768 μεγάροιςγ213 6165 ζ 62 η 190
7757334 ξ326 ο77 94 2314507733
94 ρ252 391 3420 7295540 7117
214 φ4100 χ218 370 417 α 187
396 8137 Λ768 Σ 435 11236 664.
μέγαρα α 365 6 768 77[479] λ334 72
77399 3233 1463 μέγαρ’(α) ρ 360
v 167 χ396 Ζ 286.

7777777777 3437 12733112 7776

μέγας.

502

μεγάλουθ82 7411 7179 χ334 379
8134 Φ187 μεγάλφ77359 77463
Β 210 Μ 138 Ξ393 Φ9 256 282
387 μέγαν α301 β94 104 377 γ199
(1746 7178 234 266 θ 274 434 512
7212 240313 340 391 513 77158
222 226 254 299 343 μ 173 ν 13
7292 7139 149 v 229 φ177 178
183 χ2 ω80 129139 147222 Α 233
497 530 Γ125 2233 534 1333 434
3236232833311233 82001132
274 496 Λ 57 501 563 591 Μ 136
Π158 Ρ 115 Σ 344 476 559 588
Τ113 Τ457 Φ404 11443 Ψ40
702 750.

μεγάλω Σ 518.

μεγάλο77426 λ 157 μ436 7372 11839
Μ 97 μεγάλων A 454 μεγάλοισι 31 798
μεγάλους ρ 180 σ 68 v 250 Μ 57.
μέγαβΙ63γ3226663 759 313327
402 425 429 435 461 7319 423
77171 180 ξ 315 77 98 116 346 758
φ412χ149ψ146 188 77172 71254
283 Β308 Δ417 Η 124463 11212
Λ404 734 Μ 12 416 Ν122 '4116
0381 400 Π 208 802 P 99 264 384
1'150 Φ 195 268 X 163 307 435
ἶ17827 Ω 706 μίγ’(α)ε416 7794
Δ 38 Λ 698 μεγάλοιο 7481 Δ483 ·
0631 Π 297 Ψ820 μεγάλουε320
393 μεγάλῳ 77 247 Γ 23 A 161 (pro,
subst.) E 146 448 19 1( 304 Λ 572
Μ224 Ν193 577 Π115 Ρ296
739 Τ459 μέγα α 100 240 β 125
γ107 179 2270) 261 275 295 296
321 315 504 ε57 174 230 289 296
366 421 η 225 353 84 136 569
7260 323 381 77 262 276 434 543
λ195 272 μ202 373 799152158

7508 μ 103 ξ458 σ4 217 382 7200
439 532 538 φ32 334 ω 40 Α 239
Β 196 653 816 Γ167 226324 Ε 610
680 750 2233 359 440 Η 25 233 287
427 0160394443 1169 Λ221 Μ 364
381 Ν 321 Ξ409 0471560 Π 358
531 776 Ρ628 715 Σ26 292 7134
410 Τ73 Φ 108 192 248 329 388 395
X 232 249 Ψ664 708 722 811 842
1290 125 477.
μεγάλοιο 11 27 ζ151323 77 361 1255
268604 ξ530 77403 ω 521 Ε 721
907 Ζ304 312 Η 24 8383 1502
536 1124173 296 Μ 241 Ξ1941
243417 Ρ389 409 Σ 582 Φ 1931

177 433 7 31 370 0 31 77165 241
2430) 343 ρ 777 433 0 234 776 77
77ο 777 φ 77 303 314 403 403
χ 233 (1) 7ο6 ψ 31 777 ω 77 777 777
433 320 A 777 220 7777 777 777
303 77ο 777 777 777 A 124 E 213
303 743 776777) 777 777 777776
H 203 444 3 173 221 237 330 521
5⁵³(!1 1133 203 211 223 273 303
373 333 77 3 232 A 77 77 (7) 77677)
77777) 733 M237 313 330 77ο 37
77 776777 766 777776 7777 ο777
776 777 232 233 534 677 331 17133
141 233 (1) 443 777777 67777) 7777
777 130203 313 744 Σ 7ο7 473 307

 

