625 6ς11ς ·- 611. 626

3331331311 1293 1219 221 41414 6111’(3)Χ450 63331174.

’333 Δ 114331 11334 31333 11341 1333333111) η 131 3131 3113134133
743 Τ406 Ψ 91 222 224 239 252 A 554 1367 613σᾶ (τε) 11208 409.
3 133 33313) ε 433 μ 413 313 1133311113313133 333 3131133
Μ 384 Φ 320 Ψ 83 673. 172 314 γ 269 278 286 388 0 252

ὀστεόφι 11 145. 262 460 514 519 ε 55 309 390 400

“ ὀστεόφιν μ 45 ξ 134. 441 458 ζ 85 110 326 η 3 18 46 198
ὃς 1013229401 403 β 336 1355 0 380 261 1 76 181 378 473 491 543 ιι 17
423 469 552 1448 028 210 240 194 144 156 249 275 435 469 569 1294
332 1ι 110 1141 ν 214 ξ106 163 335 533 μ 181 201 209 329 335 368 399
359 401 11386 0335 w 286 Α 230 403 ν 129 ξ 235 287 293 301 339
Β 687 Γ167 192 41540 Ε 175 301 472 483 0 101 457 477 11 11 324
Ζ 271 Η447 1341392 K 307 A 219 335 414 424 472 ρ 170 204 358 461
Μ334 Ν118 234 1392 509 0731 566 6 208 217252 272 1 125 152
743 Π424 Ρ8 631 640 Τ363 Φ 103 338 355 532 υ 19 φ 42 63 191 χ 231
341 1431311313333331143. ψ 333 343 ω 143 134 113 333333

ὅς τις 61113134· 1179 1176 1289 1528 A 432 493 Β 351 743 Γ 15 209 212
υ 335 ω 215 Η 50. 264 443 Δ 210446 Ε 14 65 210 334

6111136124(6ντινά)γ 16 320 (1714 385 392 438 630 773 780 802 850
1 147 1 511 (61 11131) 3188 Ζ58 Ζ 121 172 175 191 200 242 297 345
330 (ὅντινά) Η74 11489 Λ612 650 461 Η 186 313 Θ 60 216 229 I 106
Μ 268Φ611 6ν111’(α)Χ382 51752. 129 253 271 439 474 553 564 669

οἵτινες γ 70 0 61 94 ’138 189 174 K 180 201 290 338 351 357 365 494
ιι 101 11236 3363 Β487. 526 566 A 170 181 232 300 618 625

0ος τινας η 211 Δ 240. ’ 714 737 766 806 Ν 145 240 604 Ξ71

ὅ 11 μ 331. 250 319 321 323 326 433 Π 385 462

311 Β 215 1103115611 β 34 ε 89 η 150 598 693 705 786 Ρ 25 627 Σ 67 85
θ 148 577 K 142 ’,57195 Σ 426 611 293 395 520 Τ 57 134 204 Ῥ29 91
11287 Α 6411) 85 5271( 503 Ξ221. 128 176 188 447 Φ 1 5 77 148 396

ἢ τις 1333 3 3131333 1433 μ33 433 11333 343 314411 1133 31 111
1347 036 [467] K 20 44. 138 373 599 721 768 773 816 844
ἦ τις ἀρίστη α 280629464241522 Ω. 29 31 210 443 448 692 785.

1 30 325 (ἦ τίς 131 ἀρίστη) 11348 2)3.33111111133.η 72 34863409 1172

Ρ 62. 3134 φ 133 Α 80 Β 395 Δ 263 Π386

ἥντινα 3415 718 Π 50 ἥν τιν’(α) [6909)] Ρ 728 756 Τ183 Φ323 Χ74
Γ 286 459. Ω. 369 417. »

ἃς τινας 0573. 3133131311 189 11138 970 87 220

ὅτις α 47 β 350 1445 1117 332 3448 1208 333 1375 596 μ106 114 ν 391

11307 ρ53χ315Γ279 Τ260 Ψ494. ξ522 11141197 37 149 371 v 138

60ιὲ10114 (interrogat.) 77 257. ψ 185 Α 610 Γ216 221 Θ 23 189

61115 (τε) β 114 Μ 428 0664. Ν 319 Ξ 248 P 463 732 Σ 465 566

611ν31 θ 204 0 395. Ἰ 226 228.

ὅτεών (τε) 11 39. 61’1)3.11111131180 01453121 1523

01131311 0 491. 11 351 a) 115 Α 397 Β 303 Γ 421

ὅτινας 0492. Ζ 223 K 540 A 112 672 Μ 466 117401

5111639214021144Σ64Χ73. 076 Τ6089 98 295 Τ380 Φ81

611133124χ377 6113113121 61333421 156443 Ω 495.

τ 77. 2) 3331113331. 1 6ξ60 374 Ε91 Μ 286

3111 31158 316 389 625 161229 6600 0207 Τ 337 Φ 199.

θ 549 550 ξ 54 445 ο 317 ρ 317 3) 0. optat. 0 191 0 90 1 510 513
3113 142 1378 403 406 4640) 0115 μ 237 240 φ 116Τ 55 K 11 14 78
111140 ω 454 A 294 543 Β361 Ε 421ι A [543] Φ 429.

z 177 1313 33) 3433 433 1133 (3)Ι 33 11311313, 3313 333 143 3333.
1133 3133143 333, 1 3) 3. 331131331133 Δ 131 3334.

 

