55.

102 125 188183 281 318 324 4051
400 400 400 400 444 400 404 5001
000 000 000001 000 850 057 00οἑ
000 001 000 000000 001010000.
0010 51 88 88 113 114 183 2101
004 040 000 010 015 000 000 000
000 400 400 448 457 Δο 10 51
83 110110 123 100100100 100
000 000 000 000050 000 000000
301 311 004 000 000 410 400 440
470 481 537 01000 00 00 45 40 00
70 7278 84 133 140 140 000000
040 001 001 004 000 010 044 000
000 401 400 400 400 010 040 000Ι
000 588 574 578 533 000000 0401
858 857 883 885 882 720 734 7381
788 801 832 835 842 844 847 0001
000000 0004004100100140·
100 100 010 010 004 000 000000
000 000 404 400 400 400 000 000
00 40 00 00 00 00 110 101 140Ι
100 100 014 000 000 001000000
000 000 001 357 382 370 378 421
442 481 484 473 478 010000
00 100 110 100141 188 212 257
288 000 004 010 000 000 040 384
370 374 382 385 418 425 428 433
434 440 [488 0 475 502 524 543 11
53 85 88 88 78 87 100100 184
188 174 210 218 225 254 277 300
308 313 005 005 400 401 [400]
401 400400 015 001 000500 000
000 834870701705 041 00 88
125 104010 235 237 244 000010
354 414 400 440440 440 458 487
527 041 540 500 410 000040
80 84 88 103 108 142 143 148 150
210 228 283 241 287 277 301 320
823 333 341 373 388 404 408 420
428 435 440 400 400 000 000 588
572 588 828 838 880 882 708 742
778 783 788 813 825 828 833 834
848 001 10 10 14 00 00 04 00
100 101 141 101 001 005 000 000

512

87 100 125 132 135 149 222 277
282 295 300 301 315 318 329 330
333 337 367 386 390 401 405413 1
430 447 455 472 478 515 521 544
547 559 572 634655 703 714 ΠΙ ¹
23 25 60 64 101 116 124 131 141
173 186 189 237 239 250 253 282
301 317 326 335 337 389 402 466
472 477 495 517 532 597 610 632
664 694 702 726 731 762 777 781
784 789 793 796 813 Ρ34 75 82 ³
85 125 193 279 305 331 336 366
396 424 430 461 479 526 556 615
631 649 687 700 705 708 717 727
730 740 Σ 1 57 74 79 84 86 99
112 131 134 140 148 173 202 228
241 252 257 267 274 285 288298
312 348 354 362 368 378 386 389
408 419 421 425434 438 450 451
468 472 483 499 527 582 585 593
595 597599 Τ1 8 21 30 63 65
79 83 171 203 206 222 228 243
249 267 277 280 309 319 328 365
369 388 Y} 13 33 42 49 75 107
136 166 187 206 226 261 269 288
321 324 345 360 370 394 434 445
456 458 462 463 468 Φ 3 17 67
71 100 129 164 186 190 203 214
233 280 292298 343 383 426 437
453 504 514 519 556 581 X l 18
30 49 111 123 149 158 211 222
226 274 299 322 335 340 405 478
482 493 500 508 ΨΙ 3 30 48 52
54 58 78 120133157 162 174 181
185 200 204 212 237 243 250262
274288 311(bis) 328 368 386 454
530 571 590 634 641 681 702 738
774 789 798 807 808 817 818 827 851
865 868 876 884 887 892 142 22
25 44 58 71 161 188 220 229 237
260 266 271 281 289 324 330 391
398 435 454 498 509 534 543 584
599 604 605 610 642 650 673 685
694 719 722 732 740751 784 791.

294 322 344 357 366400 436 443; εἰ μὲν γάρ 0. s, v. γάρ.

469 Ν 2 13 20 49 81 143 184 195ὶ

04 μὲν 33 Ψ 000 52 000.

213 239 279 301 312 356 404 4211 εἰ μὲν δὴ 0482 6831 4410 χ45 321

503 509 514 527 564 578584 588⁴
598 605 614 622 636 640 656 673.

689 694 699 719 730 738751 762
800 Ξ5 14 55 71 72 98 119 129
133 142 155 170 216 224 252 272
286 313 352 361 366 378 382 391
405 409 446 462 037 29 40 56

ψ 286 ω 328 Ι 434 Κ 242 Λ 138
386 O 49 Ω 406.
εἴ γε μὲν ε 206.

041040004001440040040010100

A 77 0100 04000 12 418 748 783.
ἦ 000 0 000 0000 484 14 322 4 000
000 0 100 X 238.

 

