113 αὖθι - αὐτάρ. 114

5665 5 456 6446 767 5466 5644 6475
5465567 544 544 5455564666
49 65715446 555 χ466 6464 6646
465 4444464 6 466566 564464
H 100 6446476645 4444 447467
77 64 65 466446 A 66 444 444 764
64444 666 4767 466 656 47664 4466
565 466 44467444 44446 466674
56645) 3 333 5 466 3:ss 4666 A 46
κατ’ αὖθι ιι 567 φ 55.
αὐίαχοι Ν 41.
αὐλείου α 104.
αὐλείῃσι 6 239 ψ49.
5646 6 74 4666 5 333.
αὐλὴ ι 184 ξ5 6266 αὐλῆς α 425
6676 5444466 5466666464 ξ 46
5464 5 465 646 6464 5464 446

389 χ 137 442 449 459 Ε 138 142
2247 1472476 A774 Ω 161640
40433300 ιι 10 σ237 Δ433 Κ 183
αὐλήν 6 555 χ474 494 αὐλὴν σ 101
χ 376 Ζ 316 Ω 452.
αὐλιζομενάων μ 265 ξ 412,
αὖλιν χ 470 1 232.

Αὐλίδα Β 303 496.
αὐλὸς χ 18.
αὐλὸν Ρ 297.
66161 Σ 495 αὐλῶν Κ 13 αὐλοῖσιν 7 227.
αὐλῶπις A 353 Ν 530 Π 795.
αὐλώαιδι Ε 182.
5655 (56455) Ψ 647.
6666166666.) M 130 Ν 441.
αὔῃσι (βοέῃς) Ρ 493 αὔας Μ 137.
656 ε 240 accus. αὖα σ 309.
ἄοκνος ιι 84.
σἰύιινοος ι404 5591.
ἀύπνους (fem.) τ 940 1 323.
αὔρη ε 469.
5655555474 5646 4654 546 6565
538 I 357 429 692 Σ 269.
ἐς 6564641351 0538.
αὔριον ἔς η 318.
ἀυσταλέος ι 327.
αὐτάγρετα π 148.
σῦτάρε 143 1506 75207 5224 226 2157
Ο 45 Φ 293 570.
αὐτὰρ 6ι9 57 88 123 150 156 200
215 293 303 397 β9 126 182 378
399 407 γ 45 58 67 130 165 173
182 342 351 395 447 461 466 473
ὃ 47 60 68 134 153 161 233 259
280 375 394 412 426 428 433 457

464 464 564 566 544 546 574 576
566 566 ε 76 34 65 67 465 464
465 444 446 476646 654 666 676
664 6 4 66 66 464 444 447 454
464467 544 64 444 464 466 454
137 177 134 446 466454 475646
644 66 46 56 55 74 66 66 4647
446 464 466 476 464 646 644 667
677 446 465547 544 5 67 100140
476 465 466 445467 446 456466
466 646646 646 664 665 646646
664 664 674 664 666 666 446464
464 467 544 567 5 45 46 56 67 65
446 464 466 464 466 467 446456
464 464 476 476 646 646 666646
666 664664 466 444 466 [475] 466
466466 546546 41 76 446 466
454 466 464 464 446 446 454645
665 446 465 464 477 564 546546
566 646646 54 46 45 65 55 444
444 476 464 467 466 446 466664
666 656 664664 446444 464 5 46
64 76464 456 474 466 646 666
667 41 66 44 467 444 474 446447
446 445 456476 476 646 646 674
666 446 454 456 476 466 [545] 566
44 64 446 456 474444 454 464
464 666 667 666 666 466 476464
464 564 564 54455446 464 444
477 474 466 646 646 454 466 546
54 67 65 66 444 444 173 446455
466 664 666666 444 473 301 556
66 66 466 456 446 466644 647
343 377 334 666447 5 4 5 54 466
464 474 666466 466 476565 544
545 544554 54 47 56 67 66 446
447 444 5 64 465 456465 466656
666446 χ4 446 446 446 466464
646 466 465 466 446 454 454457
466466 5 56 67 76465 456 456
464 446 465464 467 666 646654
5 46 74 65455 464 137173130
446 446445 466 466 666 666 646
667 664444 467474 566 A 31 113
447 466 464 666 646 466 456 464
ffimwmfflwwmsswm
103 107 446 444 317 402 466444
447 466464 465 547 566 664667
644 646 656 44 46 66 64 446 466
456476 466645 646665 676 A 113
444 447 464 646 665 444 444544
E 444 464666 647 666 666 446
456 565 646744 746 766 666 644
646664 z 33 455 474 476 444 446

 

