295 ΙἘπειγεύς - ἔπειτα. 296 ’

50 68 214 255 288 329 349 426 437495 660117 274 338 354 448453
493 513 541 587 594 613 628 633 457 506 590 711 753 808 873 193 237
706 719 737 754. Hm] η 38 76 191 196 200275 ’938
ἐπεὶ ἂν Ζ 412 I 304 Ρ 489. 55 262 338 357 378 510 520 ι 14 17
ἐπεὶ δή χ372. 116 203 225 313 371 438 480 526
ἕπε1 δὴ γ 183 211 6 13 ε 76 150 24111151 237 333 1. 71 121598 1156197
408 ζ 227 η 134152 0131 276 282 201 254 261 307 309 394 397 ν 106
377 411 452 ι 250 310 343 11 3601113 146 198 318 329 353 392420 439
μ197 ν 271 ξ 149 11340 (1174 226 ξ 121 196 233 245 249 351 406 490
(1π810ον δὴ) 0362 (ἕπε1 001611) φ 25 499 067 102 134 261 285 340 367 378
205 χ 260 457 0) 71482 Α 235 Δ 1241 423 447 478 π 48 186 283 297 309 389
Ζ178 Η207 Λ478 Μ14311 *⁴65 391 ρ61 67 120 129 185194 280 303
187 0395 Π 187 198 453 471 Ρ 427 329 σ 250 1 24 59 102 123 388 433
Σ 349 609 Τ9 54 71379 Ψ2. 06393160 (12429 131160161215
11181 (ἂρ) δὴ α 231 0390 9185. 389 414 429 χ 217 285 365 438 452
ἐπεὶ ἦ ι 276 κ 465 μ 109 π 89 442 1569 80139 287 295310 0) 80 220 235
0196 1 556 φ 154 χ31 289 Α 156 280432 521 A 121 172 387 413 426
169 Δ 56 307 Θ 144 211 K 557 449 531 544 547 551 Β 322 379 392
Y [135] 368 437 Χ 40, 5 Γ 267 273 290 315 335 398 422 Δ 50
11181 κεν ξ 153 11237 Φ475. 148 317 424 442 Ε 36 139 164 355
1π811180554 λ 221 ρ 23 0150 A 168 375 381 671 685 812 825 Ζ 37 45 70
Β 475 Ζ 83 Η 5 410 I 324 707 86 240 260 263 359 514 Η 121 147
Σ 121 Χ 509. ’ 258 360 421 476 482 025 145 151181
1π81111 ω 7 1167168 162 394 K 23 60 86102-128 143
1111 6494 Λ 191 206 764 Π 246 166 345 390 426 453 522 A 47 93 176
Σ 280 Υ337 Φ 534 X 125 ΨῙΟ. 244 254 304 422 423490 622 655 776
11181’ 1χ Τ402. Μ 84 187 193 234 443 Ν 231 491 586
11181-11801 409 0228. 717 743 ,11 52 79 103 159 193223 255
&tel-x! α 236 064 Ρ658. Ο 28 49 69 92 140 163 200 397 430
&tel-111 X 258. ’ 471 Π 136 229 231 -247 439 446 497
ἐπήν Ψ 76. 498 534 668 Ρ 64 84 715 Σ 37 96 127
ἐπὴν α 293 ἐπὴν δὴ) β 105 γ45 6222 181 354 357 360 389 393 428 462 475
412 414 ἐπὴν δὴ) 8 348 363 (111111 527 Τ 28 113 179 181373 71120 132
δή) ζ262297 0511553 κ 411526 136 140 309 321 338 342 401 458
1119 192 μ5511πὴν 01]) ξ1301515] Φ 274 383 560 Χ 49 Ψ 120 178 238
0 36 337 0 269 (111111νὸ11) 1 150 206 246 375 418 569 613 683 708 755 758
515 1201 (111111) 8188 χ 219 151 811 818 810 836 159 11 89 113 ‘290
440 (ἐπὴν δὴ) ω 140 Δ 239 Ζ 489 297 306 356 372 386 405 552 591 619
1358 1163 Μ369 Ν753 0147 Π95 659 703 716 719 783 792 801.
Τ 208 223 11 155 184 227 (0. opt) ἔπειτ’ α 65 363 β 408 y 58 62 453
717. 6674 851 391 ζ115 236323 170
Ἐπειγεύς Π 571. 240340 398 κ 297 307 391408 1 636
{myst v. s. v. 811ωῆ μ 126 143 168 326 400 ξ 4200474
ἐπειδὰν Ν 285. π 102 301 322 407 450 ρ 33 321
11181δή V. S. v. 1πε1. 0 302 1 603 v 209 φ 243 357 392
’11118101 ν 275 0 298 0) 431 Β 619. χ 401 478 ψ 45 89 195 207 ω 188
’5111810111 688 694 732 744 Ν 686 z{5630 466 A 35 48 51 312 440478 3169
Ἐπειῶν Δ 537 Λ 737 Ν 691 Ο 519 259 406 Γ 223 Ε 114 214 436 459
Ψ 632. 884 Ζ 138 350 399 505 Θ 125 317
Ἐπειός 1 523 Ψ 665 689 838 839. I 169 437 444 478 Κ 137 243 Λ 229
Ἐπειὸς ’0 493 Ψ 694. 323 462 473 563 Μ 73 Ν 444 Ξ129
ἔπειτα 01 44 80 84 106 123 144 290294 409 0 281 Π 411 415 613 696 784
314 336 380 β 39 60 145221 275280 Ρ 529 Σ 450 506 523 545 Τ 282
, 379 406 y 30 46 102 108 210 253 3541 12341445 Φ 565 ³15551868 Ω 634.

 

