873

487 492 496 513 520 533 545 433}
43 68 101 188 217 245 304 318
326 345 357 428446 457 511 531
536 568 584 595 601 Β 16 35 70
76 84 91 142 149 166 182 207 243
265 278 328 333 364 394 419 441

‘ 457 484 478 784 807 Γ 73 77 36

63 76 84 95 111 139 161 181243
259 302 324 339 395 418 461 Δ 20
68 73 85 104 198 208 246 250 272
292 310 319 326364 401 427 436
456 470 514 536 Ε 35 84 93 106
111 121 133 143 163 204 239 274

. 290 352 363 426 431 443 460470

493 502 527 600 607 627 655 689

’ 719 767 792 835 899 904 Ζ 51 61

72 102 109 116 149 166 232 286
311 312 342 369 466 482 494 512
Η 1 7 31 43 53 54 91 103 120157
161 175 181 200 206 303 344 354
365 379 398 403 412 442 464 828
4197112157167 184 198 212 245
308 341 381 409 425 432 457 477
484 538 542 Il 8 16 29 50 79
173 199 205 259 325 430 492 597
656 688 690 693 710 Κ9 72 131
148 162 177 187 194 218 227 240
254 291 295 313 328332 349363
465 482 487 512 564 Λ 64 70120
136 158 177 195 210 241 272280
291 294 309 326 396 434 456 472
496 516 531 556 563 592 596 616
670 721 762790 804 817 Μ 1 34
4980135151 159 171 173223 251
277 287 329 351 364 370 413 424
436 442453 Ν 65 81 105 133 143
155 181 239 245 295 328337 383
392 417 455 468 476487 494 573
591 640 673 708 748 788 800 82]
833 Ξ9 20 60 120 133 142 147

ὣς -Ὥ

ψ. 874

113 123 137 183 188 233 246 256
284 333 342 360 366 382 394 420
423 424 436 456481 491 507 523
540 551 567 591 624 648 656 665
673 679 694 722 730 735 740 746
752 758 Σ1 22 65 120 138 145
202 214 221 310 323 343 368 388
468 Τ12 37 74 112 125 130134
276 301 309 338 349 359 379418
ΤῙ 13 31 54 75 110 144 153174
340 364 373 379 393 406 424455
493498 Φ15 25 6497114136161
227 263 284 298 342 348 365 381
400 415 423 [434] 468478 496502
514 525 537 571 579 Χ 1 21 24
32 9096108 131 143 165 186 193
201 224 247259 265 306 311 319
348 361375 405 429 437 460 515
ΨῙ 12 54 91 99 108 123 149152
184 212 224249 287 349 417 429
442 446 488 499 539 555 600624
629 651 664 676 694 708725 738
754 763 771 784 793 797 811 836
859 895 5222 44 68 77 93 120141

159 188 200 265314 337339 358 -

424 468 483 507 525 534571 671
689 707 718 746 760 776 782 804.
ὣς δ’ αὔτως γ 64 ζ 166 731 υ 238
φ 203 225 χ114 ω 403 Γ339 14430
I 135 Κ 25.

767 ὧς 6 434 ε 773 6734 7766 7764
676 7162171 Α 116 Γ159 Δ322
Ε482 856 Λ720 Π80 363 Φ 133
555 Ψ516 52106.

088’ 8358 373 8324 378 6767 736
6364 8155 324 φ246 7563467164
κεν ὧς) Η 263 1351 386 (6664 κεν
ὧς) 391 (οὐδὲ μιν ὧς) 587 Λ 255 841
Μ 432 024 617 Ρ697 Χ 352 Ψ441

222 265 270 277352 361 378418 ὠτειλῆς κ 164 Δ140149 Ε 870 Λ 266
458 486 506 034 47 78 83 100 Π 862 Ρ297.

113 119 142 149 168 172 218236
262 269 277 300326 352 367 377

ὠτειλήνΡ86 ὠτειλὴν 7456 Ξ 518 Φ122.
ὠτειλέων ω 189 ὠτειλὰς Σ 351 Τ 25.

334 405 473 473 447 473 666 674 Ὦτος 6 336.

559 565 572 582 589 622629 636

Ὦτον λ 308 - Ὦτον (Κυλλήνιον) 0518.

667 666 673 666776 777 46 767 6666666 (6666673) Ψ 764 673.

124 130 210 214 217 249 225 301 ωὐτὸς 667. αὐτός.

376 366 366 333 466 436463 436 ὠχρήσαντα 7 673.

436 667 677 643 667664 676637 ὦχρος 736.

835 844 878 718 728 751 754 758 3664477 χ4ο6 6767 7763 7376 6747.

776377 855 882 76 83 43 88 82 maog (Hew'qvopffiao) a 428 3 347 v 743.

,ψ-

 

