ἀπό —- ἀπότροπος. 86

294 Δ77 130 275 306 514 535 Ε7 ἀπόνόσφιν Α541Λ555 0548 Ρ664.
13 81 147(bis) 209 292 308 322 ἀπονόσφι ε 350 τι 528 ο 529.

343 435626 673 691 852 Ζ62 472 ἀπονόσφιν ε 113 μ33 σ268.

Η 131 334 359 410 016 54 90213 νόσφιν ἀπ’ 0 244.

270 300 309 Ι 335 353 387 437 ἀπὸ πρὸ Η 334 Π 669 679,

444 K 151 187 324 336 341 347 ἀπόβλητος v. ε. v. βάλλω.

371 385 416 452 456 458 465 506 ἀπόθεστος ρ 296.

575 578 A 110 146 242 351 374 ἀποθύμια Ξ 261.

433 437 476 548 553 555 556 571 ἀποίνων A 103.

645 664 675 760764 812 Μ 52 83 ἀποινα A 13 20 23 95 111 372 377
154 205 233 250 306 390 431 Ν 57 Β 230 Ζ46 49 427 Ι 120 71380
65 134 137 148 163 182 202 440 A131134T138099X34334137
505 546 548 577 585 587 588 591 139 276 502 555 579 594 686.
640 672 688 Ξ 154 170 214 349 Ἀπόλλων γ279 η64 079 227 323334
466 023 125 126 313 314 387 488 0245 252 410 ρ251494 φ338
534 548 Π 75 80 82 160 221 246 364 χ7 A43 6472182 380457 479
304 324 (bis) 447 469 528 545 587 603 Β 766 827 Δ 507 Ε 344 433 437
607 [615] 635 645 655669 679 773 439 445 449 454 760 H 20 23 37 58
793 861 863 Ρ17 110112113 205 81 272452 0311 540 I 564 11515
301 383 457 609 657 662 664 665 A 353 363 Μ 17 24 34 Ν 827 059
722 Σ 64 92 161 164 177 215 243 236 243 253 307 318 326 355 360
256575 Τ 254 266 Τ261 278 325 441 521 Π 94 527 676 700 703 706
327 436489 051113 257 336 529 715 720 725 728 793 804 845 Ρ71
557 593 Χ 16 43 125 1261514) 406 118 322 326 582 [585] Σ 454 Τ 68
447 467 468 505 Ψ 158 231 508 79 82 103 118 138 375 443 450 0461
714 730 758 867 Ω 268 401 492 478 515 538 545 596 604 Χ7 203

514(bis) 313 609 735 780.

213 220359 Ψ 188 292383 388 660

ἀπο α 49 6174 γ313 ζ12 18 η152 865 44 18 32 605 758,

θ 88 411 457 4534 κ 49 4114
μ 141 ν340 ξ129 525 010 τ275
χ36 72 316 Β 91 208 464 659 839
877 Η 425 0279 Λ 803 Μ 97 Ν 341
696 723 Ξ 7 143 455 033 335 435
531 Π 45 376 436 Σ 345 420 Υ188
Ψ 41 843 42 76 116 156 185.

ἀπ’ γ 307 3522 ε350 ζ90 172 η 169
ι192 242 418 μ120 381 414 ξ134

’Λπόλλωνος ζ 162 ι198 201 ο526 τ86
υ 278 Α 14 75 370 373 Ε 444 509
Η83 1405 560 Π711 Τ295 (71278
Ἀπόλλωνι φ 267 A 36 315 438 Δ 101
119 Π 513 Ψ 872 Ἀπόλλωνα Α 21
86 055 143 220 256 Π 666 Ρ333
ο 223 433 Ἄππιον 3341 3311
0339 ρ 132 σ235 037313371
A 288 Η 132 Π 97.

ο 96 552 π 102 τ 389 ν 103 113 ἀπολυμαντῆρα ρ 220.

φ 113 300 334 ψ 110 347 A 330

ἀπολυμαντῆρες ρ 377.

332 3237 343 1131 Εἰνι 214 413 3210333333) v. s. v. ἀπό.
243 470 τινι 33 122 3103 170 ἀπόπροθεν ζ 213 3244 ι 133 ρ 408
134 333 A44 337 330 713 οπο 845 ιι 203 410 P 33 301.

M 19 70 133 333 464 443 439 N 33 333300313 737 311 τοο ι 1833 4334
ναι 243 327 330 ιον Ξ[ιο] 238 ἀπόρρητος M 11.
0244 343 324 344 310 333 714 παρος ι 333 κ 314.

H 93 117 226 288 364 663 743 782
802 846 Ρ126 318498 Σ 167 214

ἀποῤῥώξ Β 755.
ἀπορῶγες ν 98.

272410 Τ1 130 329 379 412 7³3 ἀποσταδὸν 0 556.

148 341 501 Φ 199 490 71324 328

ἀποσταδὰ ζ 143 146.

368454 ἶ953385 880 52578 605 725. ἀποτηλοῦ ι 117.
ἀφ’ ι 49 60 ιτ 104 λ 278 Ε 13 19 ἄποτμος υ 140.

258 835 A 143 320536 Μ 386 0386

ἀπότμου Ω 388.

537 77297 733 775 810 Ρ222 Τ501. ἀποτμότατος α 219.

ἀπὸ νόσφι Β 233.

ἀπότροπος ξ 372.

331¹( 171217 3:32⁴ ·' ’ἴ
k

 

