τρωτὸς - τυκτῷ. 806

331 356 408 418 433 517 523 537

333343 A 82 131 139 159 223344
412 333 333 313321 333 Μ 13 31
133223 233 431 1133 233 431 423
433 433431 113 133331333 333
144231 433431 3311 332 333 133
mmfflwmmwm

685 Ρ96 230458 471 Τ423 Τ24
38 44 96 Φ 216 224 359 521 1157
105 Ω 237.

Τρῶες Γ86 304 456 Δ 509 Ε 102 Ζ 111
Η 67 348 [368] 8173 497 523 Λ286
Μ 440 Ν 150621 Ξ 501 0425 486
Ρ 184 Τ366 94 704 778.

782 Ρ14 80 107 223 241285 335 τρωτὸς 1. 3. 1.τρώω.
362 404 420 461 485 513 558581 τρωχῶσι Χ 163.

589 689 714 753 Σ 11 272 296 300
337 Τ70152 Τ17 60 83 84 352

τρωχῶντα 3 451.
τρώχων ζ 318.

354 363 Φ 102 105 277 336 539 584 τρώει φ 293.

1111 41144 133 343332 314 4123
31 113 131 31143111 213.
Τρώεσσι 3 213 3313 1133 332 ξ 11

τρώσεσθαι Μ 66.
τρώσης Ψ 341 τρώσητε ιτ 293 τ 12.
τρωτὸς Φ 568.

331 Α 333 313 32 33 332 412 Δ 21 1344431 ξ 231.

95 304 508 Ε 9 63 124 135 143
200 211 810 Ζ445 Η 21 361 8171
252 458 496 525 K 207 282 314424
Λ279 442 470 Μ68 439 Ν 98 149
175 209 347 362 668 41441 500
0353 449 475 550 Π 121 201209
576 701 750 Ρ2 156 291 380 418
575 596 627 630 711 Σ 198 367
Τ 26 52 126 364 381 Φ 138 250
446 525 K 287 Τρώεσσιν 3 275 χ228
11408 521 Γ 209 Ε86 177 507 644
702 834 2110 477 117 402 811
172 244 335 1337 K 38 A 79 489
Μ467 Ν 9 454 Ξ 192 265 391 0304

παρετύγχανε A 74.

τεύξεαι τ 314.

τεύξεσθαι Π 609.

τετύχηκε ιι 88.

τετυχηκώς Ρ 748.

ἐτύχησε 0581 ἐτύχησεν Ψ466 τύχησε
ξ334 1291.

τυχήσαςφ13 Δ 106 Ε579 Μ 189 394.
ἔτυχες Ε 287 τύχε Ε 587 A 684.

τύχωμι χ7 Ε 279 Η 243 τύχης ζ 290
τύχῃσι A 116 τύχη 8 430 Ψ857. ,
τύχοις μ 106.

τυχώνΕ858 Ν 371 397 Ψ726 τυχὼν
3 158 τ452 Ε 98 582 Π 623.

346 376 444 Π 276 356 Ρ16 183 memus-(5280 Ε18 134 303 362410
604 Σ 130 156 218 Τ180 230 307 443 600 Η 163 899 149 167 532
315 Φ227371374 428 Τρώεσσ’(ι) 11363489 528 Λ333 357 660 ,829
6254 2362 8148 K 548 Ξ 45 380 Π 25 Τ48 Ψ290 357 398 499
Τρωσίθ82Β4ΟΖ283 8431 Λ285 681812820.

0 424 405 X 422 434 1333 3 133
113 334 313 4133113 3 333 433
333 1113 90 350 313 133 333
P 34 131 134313 2 33 440 491
, T 33 131 3231 3131 13333 14313
Ν 334 123 2113 13434433 3333
133 1' 10 Δ 332 12 423 313 2133
3113431313 11421 4313 34213

Τυδεύδαο Ε 281 8 254 Τυδείδεωχ 181

Ε 16 Κ566 Π74 9405 Τυδείδη
Ε193 97181207 225240 793 866
K 255 367 Λ 312 370. Ψ 824 Τυδεί-
6ηνΕ85 242 329 457 Ζ235 11109
150 Φ 396 99339 Τυδείδη Ε243
440 826 2145 8139 161 15311234
249 A 313.

255 Ν 16 220 353 0327701717 ΤυσεύςΕ 126 800 801.

Π730 Ρ396 Τ237 318 325367
17124 Φ 414 11119.

Τρῶαςσ261 8125 861 Γ68 88 99
156 264 285 343 Δ 36 70 80 247
416 Ε32 37 176 527 605 8622387
442 Η 27 35 49 215 297 8206449
K 205 299 511 Λ294 326 521 533

Τυδεύς A 387 396 399 Τυδέος γ167
Β 406 41365 370 Ε 25 163 184 232
235 277 335 376 406 813 881 Ζ96
119 277 437 11179 9118 152 Κ 153
487 494 509 516 Λ338 5114 ἶ17383
472 538 Τυύέι Δ 372 11285 Τυδέα
z 222 3433 Δ 334.

34144 233 311 31 131 123 ’313 τυκτῷ (1141.) 3 321 3133.

388 475 06 42 135 396 406567
622 731 Π 92 425 534548 654 658

τυκτὸν Ε 831.
τυκτὴν ρ 206.
26*

 

