Ι829

ἐφάμην 3 382 398471 491 554 4272 “

287 353 368 480 506 526 κ 70 178
198 345 388 428 487 503 550 566
’ 159 145 180 215 404 440 487 538
563 μ 115 222 277 303 324 ν 357
ξ481490 4424 642 4148 4490 Γ366
Ε 190 0498 Μ135 0251 Ρ171
φάμην ν 131 X 298.

ἔφατο Π 548 Τ 112 301 338 Τ31
· Φ277 11429 437 515 Ω 746 760
776 ἔφατ’ β 267 302 y 329 374 385
3 216 296 311 375 394 464 481
538548 610 643 181 225301 166
254 328, η 330 θ 194 256 291 343
433 4522 536 44261 270 280 319
336 382 406 438496 541 179 138
163 204 247 435 462 477 504 44111
142 294 352 ν 16 ξ52 499 656 124
530 77 406 417 ρ 147 215 374 458
65078163 290 387 490 402 551
υ 22 91 102 247 275 φ 84 143 167
248269 287 χ 492 11496 61492 A 33
43 361 457 5688 166 333 394419
441 Γ398 418461 Δ68 198 272
326 8106121 372 719 767 Ζ253
311 406 485 Η 43 108 897 112198
381 409 1688 K 240 Α 195 516
592 Μ 173 329ι 351 364 Ν 417
Ξ 218 232 277 297 438 486 078
113 168 236 377 552 Π 249 458
527 676 Ρ26 123 246 256 333481
491 624 656 694 Σ 384 423 Τ7
Τ 393 Φ 356 Ψ 429 488 664 708

Φήμιος - φθάνει. ’ ἢ 830

4 281 1 236 v 37 53 250 287 ξ 327
6169 171 202 44 448 476 ρ 26 149
233 348 541 551 574 σ 88 151 281
422 τ 14 47 89 249 296 v 54 111
141 144 163 346 φ 64 66 66 146
χ42 68 108 354 361378393 414111
205231 284 ο) 315 345 438 450 513
520 Α188 245 345 357 511 595 816
142 243 Γ 28 181 243 259 395 Δ 208
401 Ε 363 426 443 493 655 689899
Ζ51 166 185 212 342 0167 245
484 I 173 205 K 332 482 Λ 396
616 804 Μ 80 Ν 295 328 455 468
748 41222 270 506 0434 47 119
Π46 130 626 710 Ρ33 342 567 591
648 Σ 17 22 Τ 125 Τ262 365 0114
284 393 [434] 471 478 Ψ108 287
491 429 555 651 79353 200 353
358 424 507 598 φάτ’ β 296 6360
κ 341 164 ξ 364 χ 416 444 ω 633
545 Δ 104 514 Μ 442 Τ 364 373
6161 443 47 334 3164 663 4 34
6451 0499 ξ 109 4446 (4602 φ181
ο) 408 Β 182 11148162 177 328512
0442 478. , ’
,166664 636 v 311 3501 M108 135
Ρ379 ἔφαντά 194 φάντο οο 460.
ἔφασκον 6 135 Ν 100 ἔφασκες Τ 297
ἔφασκε η 256 0565 4173 ξ321 (1114
4191 64335 ιο 269 ἔφασκεν μ 275
φάσκε 1306 φάσκεν κ 331 φάσκ’ 6 75
φάσχ’ 3 191 ἐφάσκεθ’ χ 35.
φήσει 8148 153.

754 771 811 836 859 895 33 77 120 Φήμιοςρ 263 χ 331.

127 159 286 314 339 571 689 707

Φήμίφ α’154 Φήμιε 4 337.

4643 α 44 361 3163 4436444 4636 0343 4 436.

673 ζ 211 223 247 44226 θ234 321
398 4256 κ466 1333μ28 ν147

φῖὲμὲοξ 273 6468 κ 75 4527 6201 .

164 0330 434 π 366 363 0177 481 φήνῃ y 373.

640 58 66 320 410 4100 v 157 268

φῆναι 77 217.

320358 φ285 376 χ178 255 265 φηρσὶν A 388.

446 632141 61 57 138 463 496

φήρας Β 743.

3807 Γ76 84 95111 Δ 20 Ε 352 Φηράς 1151 293.

Ζ 102 286 H 54 92 175 200344

Φηρὰς y 488 ο 186.

379 398403 828 457 129 50 79 Φηρῇ Ε 543.
430 656 693 Ι710 K 318 227 313 Φηρητιάδαο Β 763 44376.
Λ 280 Μ 413 Ν 487 Ξ 193 378 0300 φθάνει Ι 506 Φ 262.

666 446 44664 3433 464 3145
T 44 3346 6 344 361634 Ψ 12
64446 414 446636 646 436464
13 466 416 783 666 α 446 μ 36 66
146 361 384 385 113 183 370 803
703 758 7116 171 180 353 4148
η 164 346 3 10 166466 366 513

φθήσονται Ψ 444.

ἔφθης 158 ἔφθη Π 314 322 φθῆ χ 91
Λ 461 6364 Λ 61.

φθήῃ Π 861 φθῇσιν Ψ 805 παραφθῄῃσι
ΚΙ 346 φθέωμεν 44 383 φθέωσι 6 437.
φθαίη K 368 Ν 815.

παραφθὰς Χ 197 ὑποφθὰς H 144.

 

