533 ,

856 653 ζ120 ι113130175 531
131 314 1313 5355 5113 301 5335
5133 535 567 ψ 14 A 331435 3307
686 Η 169 Μ 171 199 261 263 Ν 88
315 Ξ 37 0360710 Ρ340 394 735
746 Σ 3030) Φ6391 X 70 3141 304.

81814011) 83188 110111 126 144
149 277325 339 381 421 β 8 55
168 196 258 323 367 397 414 γ4
9 10 34 65 139 149 153 162 337
396430 453470 477 486 31 15 39
43 67 218 249 302 353 620 622
624 638 673 678 ε 200 ζ 64 72
3 144 154 226 229 319 325 334
0 71 120121 125126 170 234 259
321 333 372 398 470 484 500 527
ι 91 103 179 327 334 382 385 401
409 471 490 563 κ 8 63 71 103
109 112 118 125 130 178 231 239
241 257 259 391 428 453 [479]
1 302 333 570 638 μ 32 54 146
171 178 194 222 303 327 338 418
ν 1 17 23 47 54 78 116 134 165
184 185 283 285 ξ 20 30 262 266
308 354 375 409 419 453455 8142
162 164 182 184 220 437 455 468
474 493 495 549 553 π 54 279 321
324 358 380 393 427 453 478 ρ 98
166 171 177 180 290 367431 435
450 481 534 605 σ 32 40 58 66
237 238 243 304 410 425 τ 137
277435 539 840 160 172 240 250
256 268 279 320 347 358 φ 273
285 376 χ 160 178 203 204 244250
255 265 269 299 302 305 386478
5533 46 49 141 288 295 369 ω 19
57 98 203 205 220 301 362 383
384 386 391 412 415 463 489 496
A 57 312 314 313 432 472 480 606
Β 52 85 94 270 444 445 525 703
726 778 780 788 Γ8 15 84 95 111
134 146 154 190 326 340 Δ 222
252 333 378 380 382 391446471
Ε 14 84 274 431 489497 506 520
573 627 630 663 692 7530) 850 Ζ106
121 218 422 H 41 56 92 151 160
161 175 185 200 313 344 379 398
403414 423 427 442 464 333 53
60 76 203 212 251 336 342 345
475 543 553 ιΙ 29 50 79 91 167
221 430471 656 669 633 710 Κ 180
218 227 296 313 402 419471526
541 566 Λ 6772161 166172178
214 232 418 592 596 618 687 707

570

818811) 141 14 (114) 48 88 88 188
188 187 141 184187 188 878418
414441 448 488818) 1781 188148
888487 433 533 533 884878 888
888888 718 711 788814) 788781
784788 ,114 87 188 878 888411
481 0335 371 888881 818 848
353 337 331 333 887888 881884
788 718111 18 87 78 88 181 188
187 184 884 888878 418 488481
881 888878 841 888 178 188848
333 8811411414 71174178811
173 173 174 111 343 333 373 513
513 530 535 537 530 844888 888
887 888 148 74188177 11 18
118 151 153 178878 010143333
437 814 818814) 887 848 111 148
148 41181118 33 33 8488114
181 188 300 333 343 333 884871
887417 448 488 888 841 878717
788784 818 41 147188 818818
888 848 444 818 817 878888 718
718 711 788 781.

5015 84 5 314 1311 5313 5373
5 330 8171 5333 14148 8788 2
P 331 1811 8888 11117 41784.

5575350 β 8418 418418 3⁵ 871
811 848184 881 888 544 5313
333 188488 1114 5 73 418188
888418 818 8286288552 5137
814 570133 0110 4181418 5 377
5417 231 118171181 307 5131
443 434 435 51447 3 81148 181 444
Γ 74 78 187188 48118 Ε 814
1188 H 307 417 1533 188184
178 888 514 541 4887881811
M 134 351 340 433 8718 888888
8884 11111184 844 3331 375 307
Σ 848871 7 355 353 3354 3303
313 341 333 443 347 411 887().

τῶν 5116 β51 γ319 8184488 637
811 5103 333 4176 373 η 88 88
8118184111111881 53534513
305 (814) 188888 411 188 478881
887 μ 48 303 343 337 5105 143
0103 375 335 517 5133 354 887
888 533 313 333 5 534 551 5305
118848 χ 88 184187 174 188 888
πωωωΜΜΑΜΜ
8 81 148 487 488484 888 811 848
881888878 888 881 888 818 818
811 818 817 888 888 887 874878
888 888 718 718781 733 748788
781 784888 818 888887 841841

 

