117 αὐτις - αὐτός. . 118

αὐτίκ’β367 379 δ 220 382 398 471 Π 684 Ψ563 Αὐτομέδοντα Π 145
491 506 554 674 ε 44 77 ζ 323 864 Ρ452 468 Αὐτόμεδον Ρ469.
θ 361 447497 1272 368 13237 345 Αὐτονόην σ 182.

487 503 3145 180 215 404 440487 Αὐτόνοον A 301 - Π 694.

636 μ115168201 261 303394 ν 272 αὐτονυχὶ Θ 197,

ξ153276 393 τι 102 407 ρ 23 120 αὐτός α 393 840 194 287 y 19 327
327 3295 φ46 405 0347 Α386 δ181453η6003563911207μ38
583 Β 322 Γ 267 Δ 569105160 ξ[516] ντ 404 ’ρ 17 573 τ 219 υ 136
Ε214 713 841 2472 1453 Μ 250 202 228 305 φ 257 317391 χ53 103
365 393 Ξ 237 Π 308 Σ 145 531 ψ68 Α 246 Β191 360 Γ 106 311
Τ242 3140 Φ378 419 Ψ118 488 Ε822 Ζ 363 Η107 899 7129 271
664 754 768 Ω 340 515 654. 394 11329 Ν 319 Ξ 248 0198 Π526
αὐτίχ’ ε 229 κ 116 Α 118. Τ421 Φ292 Χ 428 41540 44105 658.

αὖτις α 317 y 101 134 3473 433 343
670 3430 0301 ι 354 360 496 355
461 1598 627 μ438 453 ξ 140 356
405 ο431 439 α 46 3413 602 σ 60
157 365 257 506 31130139 166 211
χ69 161 272 1324 164 220316 31408
Α 27 140 347 425 513 522 Β208 276
Γ 36 440 Δ 15 19 82 222 Ε 257 697
859 907 Ζ367 391 Η 170 462 0158
271 335 1368 375 K 63 200 241 463
468 A 63 446 567 758 Μ 31 190 369
Ν 239 645 753 Ξ 438 029 31 60 62
235 364 457 572 696 706 Π 206 337
476 713 726 813 Ρ82 103 498 533
Σ 59 89 153 238 286 377 440 Τ 129
7379 Φ46 56 84 535 Χ449 Ψ 75
205 229 733 Ω 17 150 179.

ἀυτμή μ 369 α 290 τ 9 20 Ξ 174.

ἀυτμὴ ι 389 1 609 Κ 83 Φ 366 ἀυτμήν
λ 400 [407] ἀυτμὴν Σ 471.

ἀυτμένα γ 289 Ψ 765.

αὐτοδίδακτος χ 347.

αὐτόδιον θ 449.

αὐτόετες γ 322.

αὐτόθεν v. 3. v. αὐτός.

αὐτόθι v. s· v. αὐτός.
αὐτοκασιγνήτη κ 137.
αὐτοκασίγνητος Β 706 Ν 534 Π 718.

αὐτοκασόγνητον A 427 Ξ 156.
αὐτοκασιγνήτω Γ 238.
Δύτόλυκοςτ399 405 414 418 459 11267.
Αὐτολύκοιο τ 414 459 466 φ 220 Αὐτο-
λύκου 7 85 τ 430 437 455 Αὐτόλυκον
3394 31334 Αὐτόλυκ’ τ403.
αὐτόματος Β 408.
αὐτόματοι Σ 376.
αὐτόμαται Ε 749 0393.
ΔύτομέόωυΙ 209 Π 148 219 472 Ρ429
459 474 483 536 Τ 392 397 12474
Αὐτομόόοντος Ρ498 525 Αὐτομέδοντι

αὐτὸς α 53 117 132 216 402 853

113 133 343 333 7 33 433 3433
343 3313 313333 374 1130 133
313 032⁷ 3142 443 431 4334
417 333 3 333 433 313 333 333 143
113 503 334 333 μ43 37 [143] ν 31
75 203 357 234 404 43 33 43 73
373 313 343 333433 02438 31
33 33 313 334 311 3 33 71100
137 234 374 443 ρ3ο 333 334333
434333 3 47 313 313 333 333
333433 331333 3 34 33 133 177
133333 233 333 34 113 133134

Ι207 227 χ 113 122 154 342 451

355 124 171 178 185 266 307 332
357 ο) 206 279 321 445506 Α 133
137 161 185 324 356 507 Β 185
233 240 309 578 588 612 642 827
Γ 196 282 Δ106 1501673181922
230 237 271 433 460 482 512 880
Z 42 290314 Η 50 101 147 173
191 285 406 04 43 51 75 320 442
112 116 139 218 281 301 445 450
682 709 A 16 235 296 570 650 Μ 27
207 236 305324 Ν3 25 5862 252
426 448 642 678 729 Ξ 54 145 276
462 Ο 120 132 234 321 457 610
646 725 Π 172 230 239 497 551
[690] 834 852 Ρ 48 178 231 254
322 473 506 541 616 623 630706
Σ26 132 194 371 450 Τ 89 316
Y 173 201 310 432 Φ35 547 Χ 9
58 113 198 31244 335 394415 434
481 491 509 531 578 579 591 602
734 Ω 140 156 185 191 223 280
294 312 360 368 418 560 589 601

αὐτοῖο α 207 η 143 A 360500 Ε170

1193 Ν159 370 Ρ300 Φ 582 Ω 126
αὐτοῦα409 β 45 11522 643 710 712
η21 70 035 207 211 534 426 369

 

