Ἀχιλεύς- ἀψ. 128

144147169179182525Χ241112084 T 155 408 Φ 160 583 Χ 216 258
224 794 5144 456472 483 575 589 279 Ψ 69 80 83 51486.

643 Ἀχιλλεύς χ 106 109 Α’7 54 ἀχλύς υ 357 χ88 Ε 696 Π 344 Τ421.
88 84 181 148 818 888 888 884 ἀχ1ἀνς 8888 ἀχ1ἀνη41 8181 8881
489 Β 685 688 Ε 788 Ζ 414 1196 341.

199 209 217 307 606 643 A 1124ἥχ4υσε μ 406 ξ 304.

599 607 625 777 786 Ξ50 068 ἄχνη μ 238 A 307.

115 48 148 188 881 8488 z 18 ἀχνχ ε 488 8888 ἀχνην A 425.

97 181 187 228 305 155 198 348 ἀχνας Ε 499 501.

364 384 389 397 419 Y 160 1771ἀχνυτιιι ξ 170 Ζ 524 Σ 62 320 443.
888888 1888148811 888 888 8441 ἀχνάμεάν 1 888 ἀχνννννι ς 818.

1114 188 188 888 888888 888 8447 ἀχνύμενος 8 184 888 881 η 881 8 418
364 376 Ψ4 12 93 138 140 133: κ 67 μ 153 270 81250 A 103 241
333 534757 776 828 889 5259138Ι 588 Θ 125 317 Ν 403 419 0 133
151 180 409 513 559 596 626 631 Ρ459 Χ 424 Ψ 137 ἀχνυμένῳ δ 549
848 888884 Ἀχάἀάς A 848 8488 *φ 118 ἀχνύμενον χ 188 ἀχνυμένω 881
1 193 628 663 667 K 106 A 104 ἶ14284 443 ἀχνύμενοιιι 174 570 75
664 762 Μ 10 ’,47366 Π 124 155Ι 466 μ 12 250 ιι 147 ω 420 Β 270
166 168 198 22οΣ 203 234 247 343 Η 428 431 Μ 178 Ν 658 0651
115 40 45 188 268 295 126 42 Σ112Τ8 65 1116554523 ἀχνυ-
75 283 301 386 413 423 441 445 μάνοιςΩ 526 ἀχνυμένη 1 388 ω 21
Φ4967161233 265 359 520 532 52 773 ἀχνυμένῃ 52 584 ἀχνύμεναι
Χ 131 172 229 244319 455 111101 1542.

125 128136 155 168 218 257 358 ἀχνυτο Ξ 38.

491 555 616 734 748 51 3 75 226 ἄχολον δ 221.

394 511 621 675 751 779. ἀχομιιι 8 256 τ 129.
Ἀχι1ηος818148184881841888ἀχ8ς818811888411888881μ418
1107 166 064 Π 269 653 854 Ρ186 8274 348 8286 8249 299 412 χ345
195 557 Σ33152 185 89 97 324 Α 188 Β 171 Δ 169 0124 147 316
341365 0174553580 Χ11354155 1249 Χ 145 Μ392 Ν86 417 581
184406 462 510 Ἀχιλλῆος γ 189 Ξ 458 475 486 0208 Π 22 52 55 508
6 5 1557 A 240 Θ[225] Λ 8 831 581 599 Ρ83 T 125 307 367 Τ282
Ξ 139 Π 709 799 Ρ504 Σ214 615 293 Χ 43 425 Ψ47.

Τ 13 89 279 297 379 1⁰34 439 498 ἀχεος ω 315 Ρ539 591 Σ 22 ἀχεϊθ 530
Φ 15 47 Χ 211 446 51 72 309 412 ιι 247 (1 279 8358 883818 ἀχος
ἈχιλῇιΑ 319 Β 220 241 1164 11404 ἀχε’(α 13413 ἀχέων 1298 ἀχὲεσσιτ 167
A 652 783 791 839 Π 2 Ρ78 105 ἄχε’ a) Γ 412 5191.

654 691 701 Σ2 Τ 194 352 11204ἀχρεῖ8ν 8 163 Β 269.

[818] 888 488 8884 888881 1188 ἀχρημοσύνη μ 502.

55 176 277 Ω 39 57 154183 585 ἄχρι 8 370.

ἈχιλλῆιΑ 283 Ν 324 Π 575 Ρ121 ἀχμις Δ 522 Π 324 Ρ 599.

1376 51108110119 147176 196 ἀχυρμιαί Ε 502.

’4χά18 Ψ 188. ιάη 1888 P 723.

’.1χάηά A 555 3 8 888 233 18841 ἀη α 818 χ 881 8881 888 881 8848
,Λ772 805 Ν 348 0402 Ρ709 Σ30 352 461 090 92 1314 κ 244 263
69354358 1151 11240263 5272 395 405 418 295 599 μ381 ν6
571 Χ 92 109 Ψ 542 51434 6291 ξ 294 8 214 216 18175 8461 466

Ἀχιλῆ’(α) 1139 174 ἈχιλλῆαΗ 228χ 8110152157 8470 544 855 φ 139
0372 077 Π146 Φ 138 250 5501 166 8120164 18471 Α60220 Γ32
Ἀχιλεῦ 7. 478 Α 74 1225 496 5134 35 325 379 Δ 392 Ε 505 Ζ427
Λ606 Π 21 Τ 216 Φ74 214 211543ι 467 Η 218 0335 456 499 1120
51503 661 Ἀχιλλεῦλ482486 ω 36 K 210 211 289 337 411 Λ 141 359
72 76 94 A 131 1434 485 494 11431 440585 760 Μ115 390420 Ν 165

 

