297 ἐπενήνοθε(ν) - ἐπί. 298

ἐπειθ’β 15 273 7415 5 415 ε44 ζ 97
451 κ 516531 144 3193 ρ2 χ269
A 583 Β 365 Γ 145 199 282 285
326 377 Ε 367 Ζ 370 497 Η 208
[380] Θ 17 113 332 Λ 730 771
Ν421 27516 Σ 314 Τ242 2130478
42 340 761.
ὲτενήνοθι(ν) 1. 31. ἀνήνοθεν.
ἐπέντυε 1. 3. 1. ἐντύω.
ἐπέπλως 1. S. v. 4756.
ἐπεσβολίας 0 153.
ἐπεσβόλον Β 275.
ἐπετήσιος η 118.
ἐπήβολος β 319.
ἐπηγκενίδεσσι ε 353.
ἐπηετανὸν σ 360.
ἐπηετανοί ζ86 ἐπηετανοὶ ν 247.
ἐπηετανὸν (accus. ntr.) 6 33.
ἐπηετανός 0 233.
ἐπηετανὸν (pro adverb). η 99 128 π 427.
ἐπημοιβοί ξ 513 M 456.
ἐπήν 1. 3. 1. ἐπεὶ.
ἐπήν δή 1.3.1.6ή.
34334343413133134313313 171317.
44331433 366.
ἐπήρατος (fem.) 5 606 ἐπηράτου 1333.
ἐπήρετμοι β 403.
ἐπήρετμοι (fem.) 6 553=416=141 ξ 224
ἐπηὲεφέις (κρημνοὶ) Μ 54.
ἐπηρεφέες (πέτραι) μ 59 ἐπηρεφέας 11 131.
Ἐπήριτος ιο 306.
ἐπητής ν 332.
ἐπητῇ σ 128.
ἐπήτριμοι Σ 311 1333.
ἐπήτριμα Σ 552.
ἐπητύος φ 306.
ἐπῖ 6 429 574 41408 3148 1185 652
Λ 480 515 Ρ368 Φ 174 Ω 491.
&d α 103 146 171 183 196 260 273
274 278 291 303 311 364 422 423
442 β 127 197 222 252 260316 332

364 369 385 395 398 407 408 414 ’

413 431 y35333113153176173
353 373 335 336 333 333 344 347
360 406 431 433 453 (bis) 471 6133
316 343 337 331 330 417 434433
433 430 443 413 434 433 333311

573 575 579 616 731 779 786 817 ·

ε 33 31 113 133 333 343 331 333
333 333 433 443 4117 133 313 313
333 η 31 100130 131 (311) 133 133
133 313 333 334 334 313 333 333
333331 333 3 3 33 43 33 333 333

245 395 443447 475 500 554 189
98 103 140 150 168 169 179 226
284 288 465 471 547 551 558 559
563 π 117 154 165 169 185 186 244
314 355 366 375 402 407 408459

{4731 520 540 569 41 18 19 28 75

33 3433143 133133 333331 333
431 433 411 443 431 431333334
334 333311 331 331 333 333 333
μ 3 14 313141 144 143 131331
334 333 333 343 333 333333 331
333 331 333 431 433 431433433
444 ν 33 33 76 73 103 114113
134 313 313 334 343 ξ 50 33 33
31 134133133133 133 333 333
333 333 333433 331 333 36189
116 305 331 334 343 403 443 453
434 413 411 433 434 433 433 547
543 π 33 33 111 144 333 333433
433 451 ρ 33 33 133 333341343
303 330 333 341 343 357 454 507
603 ι 1 44 34 33 131 133 333 333
333 333 333 414 7 53 113 333 333
343 333 313314) 334 333 401436
413 433 344 333 333 333 334 3 4
34 33 33 133 133 133 333 333 333
314 φ 1 33 41 44 55 100131 133
166 341 343 367 370 353 333 413
χ 3 33 133 333 334 331333331
433 ο 33 134 113131 343 331333
343311 ω 43 43 50 33 31 111 117
333311 331 334 333 433413 466
311 333 A 13 35 33 55 33 163 333
306 336 333 371 373 403 437 440
4637314) 475 436 503 536 553 573
573 3 4 3 17 [133] 313 333 333
333 331 413 413 313 343 331 133
333 333 1* 13 33 33 113 114 143
153 134133 365 370 333 433431
Δ 33 33 113 113 173 331 335 343
351 353 334 430 443 513 3 33 33
131 134 134313 333 340 344 371
333 347 401 405 453 333333 313
331 133333 111 731 333333 343
33 33 63 33 313 373 303 334331
336 400 413 431 473 506 1113 34
36 33 163 333 333 313331433
3 33 33 133 133313 343333 334
331 333 333413 436 443 433433
433331 507 513 533 533 343341
553 1133 147 174 137 374 333 415
433 430 433 533 603 633 1136 30
46 54 71 33 150 153 133113 133
331 306 335 347 351 331 335 450

 

