176 ' 63. 116

416 433 441 431 610 673 604 611 613?
T16143166167 113161136113133
964 939 336363 366 1² 16 60 136 163
166136163114133 131 136 309 366
390 400 406 411 416 430 463 046 64
14 13 60 34 34 109 117 146 161 133)
161 143 161 161 164136131131316·
333 341 366 363 333 466 413 433 313
341341 331 361 363 311 331 14111
30 71 66 94 111 113 194131141163.
164 163 161 113 116 311 406 490 446³
431 464 413 431433 Ψ 14 61 133
143133 363 304 399 313 336 361 390

119 196 197 199136 143133 161
163 166 174 139 139 131113 966
161166113163166316311313 341
9636434743697036 3336
161 113 113 113 116 136 111 133 .
193 137 199 993 966 963 960 969
964 966 974 979 939 996 306 393
394 334 343 366 336 334 404 410
499 433 436 436 467 413431 439
433 693 634 636 679 ι 6 99 13 44
46 (313) 61663166 133 114 136
143 143 136134 167 133163133
919 919 990 991 931 136133 990
991 994 316 396 393 360 376 336
396 396 401 416 499 431441433
461 464 466 461 464 466 436 431
336341 3416114) 341 346363 κ 14

3310113) 336 397 447 460463 470 474
500 520 526 548 550562 571 590 591
620 647 660 674 677 683 687 705 791
846 857 «Ω 17 83 133 148 171 173

111 114 933 996 319 363 370 371 397
399 (bis) 413 430 469 463 479 499 696
331 361 363 336 614 613 666 666 636
796 766 767 776.
6631616333611161113116131
’ 133 141 146 141 143146136163
111163311 314 313 333 333 361
316413 436 441 β 3 3 14 16 33
31 36 30 33 119 134 143131161
166163116 137 199 196 944 966
966 999 336343 346 361311336
409 413 419 496 411433 y 4 97 41
43 63 110137167163167 163 173
176 177 173 190193 909 969 973
996 303 306 316 330 339 333 339
364 367 363 417 499 494 431 439
4414311463464413463466433033)
61 13111611113331414334
67 103 194193(616) 136 133 136 900
919 914 930 931 961 963 967 933
961 977 936 933 301 304 303 311
313 339 339 344 363 369 417 493
439 446 460 463 464 (bis) 496 606
603 613 690 697 661 663 679 603
609 616 696 693 634 661 630 706
709 719 736 791 ε 3 13 41 63 63
11 93107116169 111 130194 136
133 906 931 969 133166 163 116 113
133 131 133 331 334 314313 313
311316 399 333 346 373 374 376
376 336 391 403 411 413413433
44413431 4314331616) 463413 ζ 6
6311 131311 933039636660
67 71 79 96 101 141 166173130
190 916 993 930 934 937 943 963
963 999(666) 993 303 316313 η 1
11433461 79 67 33 90 3333114

18 20 46 57 60 77 89 97 105 111
117 122 133 148 169 179 196 198
201 204 224 235 239 241 260 262
285 292 304 315 323 353 356 357
358 367 [3701 373 388 391 398 449
454 495 506 518 519 521 529 533
535 541 544 561 566 567 14(bis)
11 14 20 26 27 29 43 46 48 51 95
136 156 187 191 195 223 225 233
237 244 245 250 260 266 285 292
304 305 307 332 342 350367 379
424 439 443 471 532 538 542 546
547 555 562 563 572 583 584 586
587 601 602 633 639 640 μ 6 46
739091124127142166168169194

217 220 225 235 241 242 243 249 ’

163 111331 311 311 314311313
331 343 336 313466 4113411413
491 436 v 94 96 36 37 63 64 61
76 76 36 97 106 190 131161 169
164 166 116161 134 133163116
933 937 307 316331 331334333
366 379 374 379 399 404 461431
433 ξ 14 90 91 94 96 36 41 13 33
1131131613) 134 131 133 136133

208 211 233 241 261 264 266267 1

166364 307 303 331 331343 361
364 410 439 433 444 600 601 609
690 693 699 630 0 4 13 11 11 36
40 66 69066) 69 74 76 103104103 1
110 116 193 197 130137140147
160164 166 139 1641661313) 136
161 131 131 131 113 114164163
166 930 [996] 997 311 313 396 339
333 376 373 399 393 416 411414

463 475 498 499 526 527 529 552 2

114517 44 46 49 63 80125127

 

