δὲ.

443444 443 445 443454 465 466
444 446 444 443 6 4 33 66 64
44 74 75 76 64 100 103 103 134
135 133 163 167 173 174173133
133 133 306 445 444 446443 454
456 463 463 464 446 463 344 346
646 343 344 344 350 355 364 334
333 334 434 403 411 443 430 436
433 440 443 453 453 434 435 506
507 630 544 646 544 556 664564
44 44346) 44 34 33 35 34 46 66
45 30 36 37 66346) 63 434 433446
133 443464 433 444 443 445 443
463 464 434346) 436 301 303 305
303 311 313 333 330 337 443446
455 453 463 464 465 444464 343
343 334 336 350 407 403 443434
466 467 543 634 536 534 536 646
664 566 643 573 574 575 563664
666 636 646 643656 637 636 713
44 44 436 446 443443 453453 443
463433443463434433443464346)
463 463463 443 444 444 464 633 343
366 366 346 344 433 463 463 465
544 646 646 644 646 634644 644
546 Λ 44 45 46 36 34 44 44 43 63
64 54 63 44 63 66 66 34443443
466 466 463 446 443 436 443 446
444 434 443444 444 463 463446
464346) 464 466 334 343344 346
365 356 354 345 346 333 335 333
436 446 443443 444 446446 456
453 471 466346) 463 433434 434
513 513 517 531 534 536 533 537
566633 544 546346) 646 664 666
663 643544 643 664346) 666534
536 636 533 633 646 644 644633
634 634644 644 645 654 664653
[664] 646 663664 663 664 434446
436 443444 464 434 733 730 733
636644 644644 343 346 4444 6
44 46 36 34 44 54 55 53 63 66 44
44 66 63 34 36444 433 446 465
434 434 444444 443 464465 464
463436333344364343364353346)
364 646 364 364 363 333443 443
433 443456 454 453 464 463464
464463 443 343 44 46 43 44 43346)
36 33 44 44 46 64 44 46 4363434
443 444 436 436 446 443 464463
443 444 443446 446 464346) 433
435 433 446 443 436 444 446 443)
466 436434 436433 336 644 346
333 354 353 366 366 363 343 365ι

180

366 366 434 446 436 444 465 463
434 534 534 546 546 536 645646
554 656 545 544 663 566 633 636
633 643645 646346) 633 653656
663 644 646 665 633 434464 733
755 765 730 734 603 633 :61415
44 34 33 43 44 64 64 44 43 76101
433 444 443 444 445 464 456464
444 464 434 434 444 443464 443
444465 434434 433 333 333 345343
3343) 334 333 353 664 344 343 364
334 333 434 435445 444444 444
444 453 453 464 464 436434 433
507 514 515 516 513 0 3 4 6 7
4445 16 13 31 33 34 47 65 63
35 37 30 36 101 433 444 443454
464 453 463 434 463 436 446443
434 444 444 453 466346) 446463
336 334 344346 343 344 344 334
334336 333 344 344 345 646353
355 354 664 366 663 434 446444
435 436 444 466 446 [431] 437 543
544 546 635 534 544 54565355]
565 566 664544 646346) 664 563
534 634534 634 634 636 646644
665 656 664 666 644 664 664634
636 636 633 434 446 446 444434
434 443 446 445 43 44 46 65 64
63 43434 444 444 433 436 446454
466 453 463 173161 133136307
444 446 434 434 455 453 464 443
443 446 463 463 464 434 334 333
310313316 316313 343 346346)
633 333 336 336 344346) 653354
364 356 364 353 366 346 345363
333 433434 646 436 434 434453
465 464 443346 445 534 533534
545 644 536 544 545 646 564563
564 666 533 534 633 633 636 656
644 666 446 443 463 434 444463
444 444 446 466 434434 435 433
636346) 646 643 644 644 645664
633 644664 33 13 17 16 33 3634
45 53346) 63 65 64 64 436 114116
443346) 443 444346) 444 155170
135 313 315 336 347 351 353 363
444446 444 464 466 434336344346)
344 344346) 346364 346 344354
364 653356 353 363364 343346
334 335 431 433 443 466 461 463
611 516 533 536 544 550 553 553
564 563543 533 634 534 536346)
536 634 633 634 645 646 643646
644 646 663 666 664 663 633634

 

