7 633 οὗ.

7
οὗ τίςγ 120 22187 (5348 Ε172 155
K 39 129 471427 Φ 273 275 Ψ 632
07 τευ 3264 22210 Σ 192 07 τινι
ξ96 Ρ68 οὔ 22223199 ζ176η25
χ414 ψ65 Ε 761 Η 196 66 τινά

634

οὐ μέν τοι α 222 3836 η 159 77 267

6 266 ψ 266 6264762 366. 7 <7³70 0266

οὐ μὲν γάρ τοι 22 204 77 172.
66 νύ τοι Π 707.
0777777 760347(70117 οὔτ’ 6. 2. νυ).

Ζ 488 1305 Ψ 579 Ω 256 494 οὔ [οὗ]

τινἀ( )γ192 2423 7409 6261 3475
07 τινες ζ 279.
οὐ γάρ τιςγ89 3 607 22202 568 φ93
11409 1104 22180 Ρ14146 Σ296
07 γάρ τίς (τοι) ο 335 Ζ487 Η 197
οὗ γάρ τευ φ 306.
οὔ 224 τις θ 280.
οὔ κέν τιςψ 187 65 κέν τίς Μ 465.
οὐ μὲν γάρ τις γ 377 3552 65 μὲν
7 07 4712171616 62 721272] 266 246 262 411
γ 133349 367 3199377810 ε 88 η 205
292 300 θ 196 206 311 397 451 2448
κ 326 7505 2242 ν 5 129 144 219
ξ 155 176197 367 π 279 9567 6164
402 υ 183 341 φ 250 300 χ 50 59 351
473 ψ 262 ω 261 512 Α 160 241 416
511 562 588 Β 338 528 807 833 Γ 11
Δ 286 401 Ε 64 516 689 Ζ 102161 189
342 H 27 142 408 Θ 81 143 407 421
, 484 [550] I 108 115 493523 527 534
1 K 440 Λ 243 331 439 552 Μ 9 238
Ν142161461573 47368 0194 Π570
631 Ρ207 240 661 Σ 161 386 425 526
Τ 112 213 T 190408 Φ478 498 Xll
19 Ψ 182 308 404 515 547 603 52 68
94 538 642.
οὔ 217 217363 22227 ν 141 668 405
2466 2626 262 2664 2622626
Λ 153 335 Γ 164 Ε 483 1429 607
622 22 266. 7
7 - 0177& τέὲὂξιο ο 624 22 622 22667
³ οὐ μέν τι ε 364 3585 0737.
1 οὐ μὲν γάρ τι α 78 392411 38077
ζ301 η73 2131 0516 π 27310
ρ 226626 6 462 [662] 7 262 6227
34385 οὐμὶνγάρτί 22173ξ1701
2259 224523 Ρ446 !
611 νυ τιβ60 11352 039 111831
σῧ τοι 62036273372 393 ζ33 2271
211 ξ487 0330 531 22311 5400 4031
v 264Α298515 Β361 Γ65 Δ 29 542
Ε 428 Ζ 335 139 70 Ν151 382 Π4432
628 Ρ 175 ‘P 182 Φ291 1113181 2707
077 221 (77) Ν 811.
63 γάρ τοι 3 475 φ 172 Μ 247. χ ι

εἷο οχ 19 Δ 400. ’

7ο ε 459 η 217 θ 211(αὖτοῡ) 2398
461 φ 136163 Β 239 Ε 343 Ν 163
Τ 384 (αὐτοῦ) Τ 261.

ἕο ξ 461.

65 2446 27464.

277 0165.

εὑ 1377 ’.27427 Ω 293311.

ἕθεν 7 481 62304 Α 114 Γ 128 Ε 56
80 96 Ζ 62 1127 465 Μ205 Ρ407
Υ 278 305 402.

ἕθεν 1419 686 0199.

ἑοῖ 3 38 Ν 495.

οἷ ογ 53 7433 ο 2856232957 ρ330 342
507 2413 φ304 (αὐτῷ) χ 14 214
(αὐτῷ) 62347 13298 800 0327 1306
Λ 239 Μ 458 Ν 542807 Π 47(232ῷ)
Τ385) Τ418 Φ507 11196326 Ψ126
(αὐτῶ

077 292 Δ 219 Ε 64 (7’ αὐτῷ) 248
1286 392 17 307 (7’ αὐτῷ) 77521 1302
Χ 371 438.

οἷα 17 37 62 88 89 91 191 239261
262 264 275 291 300 335 347 363
392407 425434 β21 33 37 54 92
116 124 172 190 222 226 249 254
267 302 379 380 387 γ 192 198
203241 258 306 308 311 312 369
401 407 311 66 125133163 166
174 224 225 228293 536 559 647
649 653 662 664 667 677 704 705
745 767 771 789 794 826 840 841
26 16 41 113 114122 131143 234

Ι 240 243 265 267 271 283 288 316

321 323 372 381 389 396 442 452
474 ζ 23 114131 145 147 214225 1
229 245 277 280307 777 131941
82 103 122 140 171 197 231 379
175 270 277 284 291 302319 320
363 389 392 403 405 426 428 430
440 453 545 571 2234 248 249 360
389 390 443 458532 22 43 247 349
434 435 440 559 7 103 182 188
193 247 285 393 442 448 540 609
μ 78 90 375 422 ν 1366109 120
132 135 221 251 337 343 369 381

. 417 419 430433 437 ξ 2 3 5 31

34 65 96 112 129 184 296 326 369

 

