409

315 55 553 311 431455 514511 535
531 535 555535 740.
4451431515 53 354155 53 55
155 115115 111 151 155155155
115 111 551 555 554 535543 551
555514) 555511 511 534531 555
554 351 355 555 351 331344 353
555 357 373 333 354 553 455 451
435 433 435 β 155153 54 43
55514) 55 54 15 51 55 154 155
151155 115 114 141 151155155
155 155 153133 131 155511515
513 513 553 553 535545 555514
533 531 555355 351 315314 351
355351 353 335 335 334 333 343
355 355 315 455 415 434 7 3 3 15
35 37 44 45 41 55 55 55 55 51 55
33 51 115 155 153 114 155 155
151 155 555 554 511 511 554531
mmmmmwww
335 333 301 313 311 355 335335
343 345 345 351315 315 313 331514)
337 333 453455 435 441451451
415 413 415 [453] 5 5 3 45 45 55
53 13 15 35 31 35 34514) 35 33
54 55 55 155155 151 111 155143
151 114 115 115155 155134155
151 555514) 555514) 515 535 545
555 553 511514) 373 535514) 534
554 531 355331 551 341 353 315
335535 351 411 415 413514) 444
455 451 453 455 415 435 433 451
551553 553 515 555 555535 534
, 545 543555 555 553513 513 535
555555 553 514555 553535 545
544 545 555 351 555 535 554153
115 155 141 145 143 153113115
111 313 315 315 355353 335 333
354 4 3 15 53 45 43 54 14 33514)
34 35 115 155 135 135141154155
[151 (514)] 155514) 134 135133151
135 513515 513513 553 554514)
555 551 545 541 543 554555 555
515 513 555 551355 313 351535
355 555 334 331 353 455 414451
454 435 443 444 441 443 455 453
455 415 415 413 15 5 15514) 15
35 35 31 33 51 51 15 31 33 34 35

51 55154113154514) 151 134
145 144 143154 154155113 111
131 135 155 153555 551 535531
545 555555 555514) 511514) 531
555 555 355 353 [315] η 13 55 43
44 51 51 11 13 145) 77 30 33 31

καί

410

54 55 55 155 115514)115145 157
153 134 133 177 130 135151155
135 304 313 313 313 330 331 334
551 553 555514) 551515535533514)
555 555 311 314 355 355351353
335 341 315 55 55 55 35· 35 43
57 53 151535 55155 153 111
115 115 113 145 144 145154155
115 135 135 131555 555 515513
555555 541 544541 545 553544)
553 311 355 355 551 353 354315
553 551 415 415413 454451455

’ 480 485 490 492 510 513 520 525

555 543 545551 553 555514) 551
555 515 511535531 534 1515
15 13 31 41 455551 55153135
155 155 115 153 135 135155155
155 153 115 541 544 545551555
mmmmmmmm
341 343 351 353 353 371 333 404
414 433 443 471 470 435 433 510
513 515 533 547 555 557 553 533
4531514115335435553 55
55 115 145 155 151 154 134135
151 553 555 531 534 545545 551
515 351 513 353 353 335541353
335 355514) 355 455 455451415
451 434 431 451 455 453 453 413
414 [41111413] 455451 454453
511 551 535 544 555 551554553
1341555545115135154
154 155 153 155 111 145145153
151 115113 135 135514) 151514)
551 511 554 551 554 551555531
555 553 355 315 311 313 355514)
345351 355 315 315 331 335411
451455434441451453451453514)
453 555 535 534541 551555515
535 555 555 554551 513555 533
μ 4514) 5 14 15514) 53 35 3154
4145 51 541355 55 111 153
135 145 151 155 111 133 555514)
511 515 515 551 553 543353 353
315 355553 351 545541 355514)
354 551 333 335 415 433445 4 11
55 53 41 45 55 55 55 15 15514)
15 155 133 145 145144155111
155 153555 555 513514 515 513
555545 543 555 514551 553 351
531 335514) 553 353315 313 335
453455 411 413431 551511
15 45 4445454151 55 55 55 14
3435111 115115 153 131 145
145 145 141 153 154153115 173

 

