ἐγών.

3 455 Ψ 19 75 94 95 97 105107179

443 459 463 470 571 629 632 635
647 770 Ω 131 194 197201 216
1 334 341 253 255 263 375 380 388
, 407 495 496 497 499 561 568 592

Ι 594 651 656 661 716 743 744 749

757 763 765 774.

μ’(οι) 6367 7 73 3 31 z 165 1673
77 544 N 461 P 100.

7777 7 33 6777 7 733436 77733 v 330
A 454 1315 77773 77763 773333
737 3 753 47 116.

ἐμὲ 7 60 6 161 634 η 775 773743
3333 7774 737 7 37 7 43 37 776
337 633 7743 v 363 7737 334 345
357 0 737773 363 7 777437 447
ρ 77 77 73 577 3 56 753 7 775 737
374 557 φ 77777 7475 3 350 357
7777 7434 77 117 753 77757733
,3 733 364 373 7457675 77 43 373
337 437 447 Λ 773373 N 757 673
3357 374 77576 3 33 777 735

330 Τ329 1‘33 186 Φ501 Χ1859.

265 299 332 483 Ψ 78 644 Ω 113.
ἔμ’(ε) a 212 315 n 376 414 486 1390
615 77160 ξ62 237 331 77120 ρ 112
442 473 516 τ 181 288 542 υ 79
χ233 Α 133 182 271 Γ69 Ζ206
364408 Η 77 Κ 85 220 319 Λ 314
442 445 Ν 252 452 Ρ179 Τ181
240 44 773.

μία 215 Α 521 Ε 119 1410 3361.

με a 773757 304 347 3 133 3 1401
364(bi6) 336 465 437 547 534 533;
673 734 743 377 373 7 33 774 186¹

313 357 471 1122169 772848 187
220 224 253 255262 276 289 θ 27
153 185 219 230 350 739 80 274
278 302 366 408 507 7714 157337
341 365 376 542 1 61 74 144164
202 206 356 453 463 471 507 530
7733 160 297369 372447 ν 39129

172 206 262 321 359 393 ξ 54 67 1461

[754] 763 733775 746 376 314 316
330 341 343 353 363 336 447 437
437 7 113 133 377 376 377 346373
473 443465 433 77 735 773 734 733
463466 ρ 6 3 74 463 3735357 737
737 373 357 737 773777 754 7773
3737 773734 773( (77) )[776] 477
,7343363377 31⁵ 4357 776 776 764
737 5336 333473 A 74 33 737734
775 354 533 534 3 53 777 774 737
376 474 r 53 357 333 433433 446

238

Δ 53377 3 734353 367 376 634 635
3773 333 337 346 343 3633777) 444
464 7763 73 737 343 [363] 6[6] 733
457 7 73 77 345 333 447 433 437

607 Κ 249 280 291 443 534 Λ 201 .

363 636 675 643 643 777 777 776
N 153 777 336 ’4734 ,776 735 737
743 333373 3 33 736 743 7747 33
345343 650 P 16 35 774 564 3136
134 163 435 436 476 7 67 36 737
737737 336 737 33 737 3373475777
35 733 776 773 776 737 467 555
564 x 6 3 73 66 774 757 777 337
333333 347 345 346 Ψ 77 77 73
76 35 33 745 476 553 636 41 33
773 776433 433 434 461 557 563
635 735 766 775

377) 7 773737 347 73 73 7373777)
763 736 103 773777 337 675747
767 376 347 357 363 333467 463
463 477 437437 554 536 536733
373 7 37337 475 473467 7737
777 376 377 4743 773334 3735
334 463 7 73 777 737 343 354 364
366 413 506 515 516 7 35 63 [765]
766 374 373 374 376 366 337 473
447 477 7 53 77 33 745 754773
367 434 433 443 437 563 676 673
676 μ 36 773 736 777 773 463
7 7773777) 774 ξ 747 744 773 733
733735 737 336 373 433 536 7 65
733 347 363 365 333 437477 436
7 737 777 773 743 774 373 7773
776773 733 143 435 566 577 3765 ,
375373 7 46 733 767 777 437377)
537 533 577 υ 63 33 33 33 733
375 φ 773376 343 χ35 737 377337)
3447577) 473 ψ 76 77 77 7673776
ω 777337 4 37 733 767 733 357
355447 573 513 573 767 777477
474447 Δ 47 3116 113 133 305
356 613 635 z 737777 765345
363437 77777 3537 7344 375
476433 433 633 647 77 776 747
337 334535 A 336 466 716 ,3356
363 306 315 033 164 166 347 733
77737 3073) 433 775 (614) 36 3136
335 76777 336 336 433 7335 337 337
7 733 756 437 3 743777) 77 73733
777 777 773 333 577563 7775 44
37737 773 774347 476 475 433
Ψ 46 573 633 643 774 737 77 733
773 773 743333 553 560 567 663

 

