αὐτός.

388 1151 162 179 ξ51 102 135
185 096 122 262 528 0197 0354
797 114 244 φ 177 182 249 433
χ38 175 192 218 ω 241 Α47 218
Γ436 All 392 Ζ44611204
1 342 Κ 204 A 33 821 829 845
Ν 27 140 11428 0307 537 Π 405
466 561 Ρ10 397 546 Σ 206 Τ384
Τ441 Φ167 527 Ψ312 880.
0111ῷο279 305 333 190 749 249 305
350 381 338 66 108 134177 601
642 654 667 822 ε 179 187 235
254 280 ζ60 329 θ 527 ι421 193
300 344 518 1134 371 μ422 097
ξ292 520 0168 285 371 514 014
τ 101 196 275 v 88 358 054 304
376 398 χ75 80 116 149 214 345
0253 281 021 270 525 3270 Γ51
333 362 Δ 470 493 504 Ε [42] 58
64 294 299 450 459 540 884 Z 243
338 11216 0219 260 142 249 470
521 547 Κ 25 185 307 474 A 401
460 Ν 73 187 332 495 817 Ξ 359
419 447 457 474 0226 231 353
431 449 695 Π 12 47 108 550 661
Ρ4 50 131 152 236 291 311 359
407 510 611 677 Σ 133 7178 192
284 416 Τ38 335 395 Φ 248 600
Χ 110 Ψ6680107 126 305 342
381 400 406 682 784 Ω 7 292 310
051600 251 922 6244 6367 0506
ι229 257 κ 298 1453 ν 360 ξ389
π 128 370 388 09345 367 387 494
φ29 10249317 168οΛ93Μ104
Ν 615 0 257 604 723 Π 479 775
Χ 346 Ω 198 430 503 558 αὐτὸν 039
γ460 ὃ 110 118 210 247 0170 347
396 472 1205 406 κ 285339 1520
ν 190 ξ 117 331 523 ρ 81 336 373
549 595 1235 288 03150196 ψ98
,4271 463 3263 417 Γ25 90406
Δ 211 Ζ 18 306 Η 180 337 436
0280 293 537 11242 345 389 A 473
577 592 835 Μ 204 Ν 273 331 043
Π 279 510 601 703 Ρ163 687 Σ 269
Τ5 303 Τ171 0236 245 318338
344 Χ 66 351 Ψ292 619 Ω 123
472 569 664.

051016 20 Ν 56 0561514338 A 287
Ζ40 69611600103236 Ν 46 Π555
Ρ239 496 0116613557 575.
066010 108 β 64 γ 11 3785 ζ185
1139 ν39ξ141 02190282 χ165

120

01401 A 270 Γ113 11182 146
497 1170540 Λ525 668 708 Μ234
ΙΝ 684 Ρ634 644 712 Φ 215 αὐτοὶ

0 33 384 β 168 368 419 γ 193 0334
579 0 504 ι 150 231 547 κ 425
1421061800125365ξ346
348 357 415 471 0499 π 356 361
384 ρ 125 0278 1281 429 φ 110
0299 0420 Α437 487 Γ66 3520
Ζ439 Η 72 332 360 11197 572
Λ49 121 619 Μ77 272 Ξ129 379
0296 565 652 718 Π 562 846 Ρ 332
635 713 Σ 341 Φ 31 467 Ψ 311
436 496 699 Ω 526.

0015007 3138 154 044 55 0583
1167 κ 27 259 391 0361 0532 t 63
435447 Α 461 3424466 762 Γ 301
Δ 237 Ε 256 503 607 Η 338 437
11493 A 220 561 Μ 155 Ξ56 68
118 039 Π602 Ρ275 Τ72 Ψ115
633.
001οῑοι 0103 ξ251 080 Α 51 11339
438 11416 0366 αὐτοῖσιν α 143
Μ 112 001οῖςο683 ξ77 1140 0213
Τ55 Ψ8.

01160ος0574 140178 562 026 1637
μ145 225 ν 386 ξ 265 0 433 548
0434 Θ 182 295 529 11149 Ξ 47
Τ14 Φ 521 Ω 499 αὐτοὺς δ 18 36
43115 Α4 1559011333 0243
A 343 755 Μ43 64 86 Ν152 556
Ξ 136 Π 646 Ρ732 Σ 605 Ψ277.

καύτὸς γ 255 Ζ 260 Ν 734.
ωὐτὸς Ε 396.

0010011303 054 A 633 Π117 Σ481

66661366 3166 v 113 39393) 31616
440 1349 Π 226 504 519 Σ 481.

0111ῶο0308γ4581549ω3383347.
αὐτοῖσιν 0 290 A 699 Φ 491 αὐτοῖς
1 542 Χ 513.

00τᾶ Μ 225,

αὐτή ε 23 ζ 99 253 η 237 κ 399
ν 323 422 ο 105 τ 104 121 509

ω 479 0331161663 0 610 691
3366 66616 3696 111 6196 660
666 η 1 16 636 691 9111 ι66 1196
616461 613 μ 61 390 9 337 0333
77170 303 7255 335 466 χ669 6460
16991166 361 136 z 933 9134
6666 1160366 0691 1669616696.
αὐτῆς α 366 β 417 3 439 334 ε 163
666 η 666 1160 409 11061311]
ξ 96 301 π 166 661 661 666 96 916

 

