567

59 88 114 124 155 222 250 254
321 333 365 393 416 420 τ 21 41
87 94 123 127 142 166 186 194
232 257 278 296 308 340 349 414
421 444 452 455 459 491 535 559
588 υ 44 56 129 133 134 168 183
224 226 235 305 324 338 363 φ 42
199 256 311 330 χ 15 60 105 135
153 170 194 320 371 419 485 500
ψ 44 104 116 123 129 173 256 261
285 ω 23 35 105 120 132 156 159

’ 191 226 232 243 271 280 302 315

wmwwffiwwmwmw
mAannwmwwffi
mwwwmssMffiffiffi2
Bmfflffifflwmwmfflss
Amaemffimrmwaeffi
wnfflmwwwmaww
wmwwfflmmwmw
aewfflmwmoemwmffi
4wmwwwssmwffiss
fflffiwwfflaeffimumw
mmwwmffiwwmw1
mnumffimmffimfflv
moewffimffiwumw5
znoemumfflmmw
wmffimfflwfflfflmmw
Hfflfflfflmmmffimm4
mwwaewmmmom
mffiwfflmffimwmw2
mmmmwmmfflmm3
mmmwmwmffiffl
>50954NJ46061314615643676

mwwwwmwfflfflm
mmmwmffifflmmw5
wwaemaewaemaemw
wnmwmumwmw5
ffiwwwawffimumw
mmmmmmwwmm5
ffimffimwmwmwwffi
wfflmffimumnmw4
memmmmNm
wmmwwmwmfflm
mwwumfflmwmffl4
mffimaemffiwfflffiffl1
vffimznmfflffiwmffi
wwwmwwmmwmffi
4wfflwmwomwffim
mffiwwmaewmmw5
mnmwmmmwmu5
flmmwmmmmwaem
mumffimwmffimfflo
zumwmwmffiwfflm
waefflffifflmmmffimw

‚ 568

258 288 293 346 352 474 509 591
617 635 648 682 700 713 715 Σ3
10 22 57 59 82 89 94 127 163183
196 284 360 361 372 428 438 440
448 581 Τ 28 52 96 106 109 125
145 154 184 185 198 215 228 267
331 404 419 Τ1986103177 199
234 290 309 386 393 394 408 413
430 443 456 458 462068) 471 476
486 Φ 49 90120141 149152 159
181 201 203 207 222 262 416 461
470 511 602 Χ 14 25 37 59 177
191 200 201 226 249 260 280336
337 344 355 364 376 463 496 Ψ62
93 184 246 283 295 325 336 354
438 465 473 462 534 586 681 703
748 794 828 829 Ω 17 23 35 55
170 242 352372 378 386 388 389
391405 410 432 435 485 500552
559 587 634 649 659 668 702 719.

τώ ε 226 9313 ν439 χ379 Α 304531 ’

AmsswmffwmffiMw
Nmsmxwwmnu
&mmmmwmwwwww
mmmmmfflmmwm1
awfflfflwmmwffimww

244 χ114181187201 378 ψ 300
5101 153 Α327 331 338 347 Β 217 ’

833 Γ263 313448 Δ 274 Ε 13 224
233 275 366 550 556 559 568 768
Ζ 19 Η7 255 306 Θ 45 115 136
Ι 182 192 Κ 272 354 376449 530
577 Λ129 130 281 324 331 519 642
782 Μ 131 135 145 330 Ν 301 345
385 584 708 Ξ 281 284 0150 154
416544 Π 326 337 470475 476 756
Ρ381432 457492 Σ 582 Τ47 Φ 298
426 Χ 165 400 Ψ 284506 685 Ω 331
473509 609.
τοῖιν σ 34 Λ 110 Ν 66 Ψ 336.
τώ A 330 Ρ441.
τὼ 6 59 6221 Ε272 553 561 574 610
1196 Ν 706 Ω 281.
οἱ α 26157211 β277γ363427 670
98 ε3 163 θ4091107108ι61

’ κ341524μ73373ν12οξ24 2661

ρωωῃψμψψωωπῖ
ssmrwfflmawfflmm
znwmaefflfflnmAu
mmmmwwfflmoemffl
Nwfflfflmffwwffiflw
mpwwwwfflmwffrw
wwwmwmmmwmffl

 

