575

164 1116 616661 6146 161466
646616 16 6111666661661 16
16116161 114 116661 6161 146 466
411466664666 x 141 146 116 446
416 6164 111661 646 6666616)
6166 64 166116 166 303 003 013.

61616166 1466 6166166 66161141
61116 6666111 16666116 664
161 161 6 664 (66616) 6164 161
166 6 61 161 6166 6446664
A 133 16166166 161 61666] 1166
116611 661 A 66 116 166 11161
11116 116 116 161 166166 166
1446 1116 1161 6 66 411 416
x 446 Ψ 616.

66 6 331 6116 666 6166 114 64
166 166 6 61 6111166 616 166
6666 466 6 66 161 150 6166
161 666616 616 66 161 146416
461 661 61 61 666 1166164
666 6 111 166 6 6 A 64 666 6 466

. 1146 666 666 414 16 641 666
6116146 1166 666466 666664
11116 611 A 66 114 11466 164 5:73
373 373 0330 6411111 1461
161 0 71 73 146466 61611 666

’364 4046413446 1613. 1643 144
611 1 135 11166164.

616 6 66 116 116 166666 646 661
1646611466 y 11 31 333 373 05
3147 305 333 711 713 141 666 614
666666 611 46 66 66 146 114116
611666 416 466 116 166 666 146
116 161 6614 466 6146466641
646 6111661 116 61166166166
305 033 411 116114161161 144
116 661466 411 416 66166116
611661 416 6466 6116 661416
466416 466461 6 661 464 646
161 161 466 466611616 6166111
166 116 164661 666 61616164
166 166 164 116 161666661 466
446461 411 466 666 664 661 6 66
φ 16 616 646 1116 161466 466(
61616 66 66 66 16 66111116 166
6411 664· A 33 133 315 301 337

3-0'.

66114611116 Μ298 Ν 548 594
1166 166 161111 141166611641
Ο 92 184 205 311 Π 58 124 189
Ρ560 595 Σ 78 97 148181 187 382
389 393 445 462 468 509 Τ 59 132 -
1131191111314 Φ418 478 507
Χ 182 2110116) 232 238466 Ψ 75
295 296 300553 616 1130 64 89
138 217 299 345.

1111132 1225 541 1372 61221446
6136 873 A 535 Σ495 559 574
Τ500 t{5376 333.

αἴζ8811105 1407 1471 Δ21 8458
Λ537 (1ἐ111161) 1661(6’--6111611
1111 157 176 297 450 δ 300 448
ζ83 85 96 117 211 223 247 317
318 11104 339 6435 126 70 u 54
92 136 228 233 1110111 6320
661 666666) 6 61 166 146 161 157
158 159 211 φ24 251 252 1497
466 6 6 66616161 666 1411 A 30
E 141 418 502 778 907 2133 297
301 3124500 8444 457 I 507 660
Κ 352 Μ 2880116) 0636 Σ 50 65
145 421 595 597 Τ 225 226 269
Φ538 Ψ433 460 468 474 41647
161111 350 Γ5 7 1511.

1111 ζ 90 100 66 153 161 1304 451
456 615 Δ9 2287 Σ67 Φ14
Ψ119121.

16616119121294 11117 u 352 647
1345 424 463 Δ 46 56 Ε 320 332
Ι 146 288 330 397 Π 833 3333.
16111591 1164 321 Ε270424 11253
0656 Π266 Σ50.

τῇσι ζ 101 1178 v 67 652 2338
1033 Ν2 0632 Σ400 11732 761.
111611 6 413 6311 Ζ499 8433 1243
Ω 723 747. ’

τῇς δ 721 Σ 275 419.
6616661161.

τὰς y 291 299 ζ 89 178 1110291
592 11134 137 182 356 ξ256 411
4361500 677 176 213 φ 31 1300
305422 6766 1153 1131273 Λ229
Μ261Ξ31Σ469 1‘371 Ψ120
377 386 Ω 606.

389 391 435 440 511 517 544 560 ὅ (111611.16161.)(6ο111. 6ς,11’,6) 41254300
Β183 316 Γ125 203 377383 413 1198 308 11777 6271 167102ξ3

437 Δ 30 41 485 Ε 353 375 381 1385 6372 6145 416 111314 360
764 814 893 Ζ 183 205 263 292 300 Γ351354Η114367(116111611611.2) 8283
359 391 426 427 440 473 Η 23 37 (6661666111) Λ 649 Μ 380 Ν 311(de-

0 38 186 208 357 469 I 188 342 (bis), 11166611.7)278 561((16111611611.1)644 0594

 

