557 . νυμφίου - νύσσα. 558

νύμφης6557 061401431560 νύμφῃ Κ 53 117 124 173 175 192 280 284
086 ε 30 νύμφην 1 447 0333. 291 329 406 424 442 449 A 142 218
νύμφα 6743 Γ 130. 277 362 363367 388 603 611 652 790
νύμφαιζ105 ι 154 1 38 μ 132 ν 107 Μ 215 271 315 326 383 429 Ν 77 98
Ζ 420 νυμφάων ζ 123 ν 104 [3481 107 222 230 276 453 463 628 772 773
0211 Τ8 42616 νυμφέων μ 318 784 828 Ξ 5 48 72 95 107 139198
νύμφῃσι ν350 ξ435 νύμφῃς ν355 219234262271309 328 331 357 508
νύμφας Σ 492 νύμφαι ν 356 0240. Ο 36 54 61 99 110115 131 138 211
νυμφίου Ψ 223. 221 254 258 292 493 502719 725 Π 73
νυμφίον η 65. 112 207 238 422 492 494 516 538 556
νυν Κ 105 Ψ 485. , 667 749 844 Ρ 34 75 144 153 154
νῦν α 35 43 82 166 182 194 200 219ί 156 173 206 227 336 478 588 622 652
234 241 255 271 309 315 369 β 25 670 672 710 Σ 88 101 111 114 121
28 48 79 124 161 176 229 239281 314 140255 261 267 290 293 298 333 406
γ17 43 69 92 101 209 243323 359 366 408 435 457 Τ23 67 108 148 203
δ 32 148 151 166 193 209 238322 331 206 258 275 289319 323408 Τ 18
395 587 685 727 765 817 829 ε 18 29 89 195 210 287 297 307 350 354
112 129 148 184 205 302 305312 335 449 450 454 Φ 80 82 92 103 122155
377 448 ζ 172 191 207 243255 325 160 281 315 399 428 458 475 481 533
η68 188 0100142156 182 202 222 Χ 16 18 46 104 126 172 216 219 222
241 330 443 465 548 ι 16 172 264 235 243 252268 271 285 300 303 358
356 452 495 515 ιι 43 320 402 457 391 436 482 505 508 z1548 150 158
463 472 489 548 166 160251441 274 333 406 463 492552 587 602 604
449485 μ213291298 ν131149178 618 643 787 Ω 35 208 223 401 501
207 257 303 324 357364 ξ 80 158 560 568 601 614 635 641 685 757 765
174 193 213 371 393 407 462489 493 778.
503 506 512 0 65 180 209 268 269 νύξὸ 429574 ε 294 ι69 μ315 Η 433.
307 346 371 391 431 440 503 520 542 νὺξ η 283 λ 19 330373 ν 269 ξ457
ιι 25 65 121 142 168 200222 233 270 475 0272 0515 3387 Ε 310 659
431 ρ 155 190 217 245 318 444 456 Η 282293 0488 178 474 K 201
460 524 566 569 σ 30 55 79 105123 251252 Λ 356 Ν 580 Ξ 78 259 439
203 217223 236 239 256 268 271 403 Σ 267 X 466.
τ 20 66 81 82 115 129 157 169 215 νυκτόςιι86 ν 278 νυκτὸς 5841 μ312
253 263 303 357 369 373 378 403 483 ξ483 Γ 11 A 173 0324 Χ 28317.
532 549 572 576 584 063 115 119 νυκτὶ ι] 253 7606 μ291 447 ξ314
135 178 200 211 230 262 333 φ107 034 υ 88 351 362 0372 Α47 Ε23
157 258 279428 χ628 29 41 54 62 Η 282293 0502 529 Ι 65 Μ 463
65 78 134 195 231 251 437 491 ψ 20 Ν 425 47261 Σ 251.
49 54 115 213225 354 (03484186 νύκιαγ 151 0466 ι143 404 μ284
214 260 329 353 443 454 461 Α· 27 0850 066 χ195ψ243Β57 Ε506
59 91 109 127 141 169 232 237 272 0486 510 114183101142188276
354 407 417 421 445 455 456 506 522 297 312 386 394 399468 Ξ 80 Σ 274
555 312 26 29 63 66 82 114 1631 ,Ω 363 366 653 νύκτ’γ490040 188
179 193 239 242254 274 284 330 381, ιι 367 Κ 497 Π 567 νύχθ’ Χ 102.
435 484 681 Γ 67 97 134 234 2411 νύκτεςλ 183 ν 338 ξ93 0392 ιι 39.
367403 405 415 432 439 446 Δ 12 17 9 νυκτῶν μ 286. ’
321 347 362 Ε 117 124 129 226 2794 νύκταςβ 105345 ε1543880102ι74
Ι304 362 410 423 457 475 604 791 822 ιι 11 2880142 0. 476 0515 ι150
834 881 Ζ 68 125 224 308 337 340 340341 085 063140 27490 Ι 325
352 354431 Η 29 74 98 115 129171 470 Σ 340 Χ 432 Ψ186 Ω 73 745.
226 290 329 351 370 400 0141 163 νυὸν Γ 49.
186 192 234 370 374 498 500 502 524 νυοίγ 451 νυοὶ Ω 166 νυοὺς Χ 65.
541 121 65 105 111 118 227 259 304 Νυσήιον Ζ 133.
344 356 380 426 519 628 638 700 705 νύσσα Ψ 332.

 

