331 ἐν. 282

1 333 314 333 343 334 433 443 433 333 331 333333331343333 333 333
; 434 331 3334314 13 33 33 34 33 333 301 310 333 3303313313 33 33
1 3331333331133133133133133 3333131133133133141133133
ῑ 133 133 303 313 333 333 333 333 303353331334335334313351413
‘ 311 335 333 413 435 443 433 433 333 431 433 433 443 433431 434 333333
w 344333 334 333333 333 333 333333 333 533 533 300 310 314333) 315 333
333 330 331 343 333 334 313 334 333 340 333 334 301 303 330 333 333 333
333 M1 13 33 41 33 103 133 133 350 353 333153) 303.
143 303 314 333 331 333 313 4336313) 44 (omisso 51341001114) η 133 z 43.
33131133133333333331333333 33303123313331513 3301343
333333 313 314335 333333 333 053001503333.
¹ 431 443 453 433 503 514 530 34331333133113113113131333311
ε 333333 334 333 313 313 333 333 333 333 305 311 330 341 333433
3 333333 333333333334 333333 313 33 30 33 34 133 343313 333
‚310 50 113 143 133 313 3133333) 333 411 413 y 13 33 33 133133133
333 333 330 303 314 313 331 333 353 343 354 333433 34 113 133 144
330 333 333 335 333 333 413 453 153 133 343 354 333 433 543 533 334
435 433 503 533 0 5 3 30 33 103 333 333333 334333 333 3333313314)
133333333311313 313 333333 343413313133133513333140
333 343 343 333 411 433 433 433 304[313]2135 103133150133 130
434 433 443 433 313 333 543 533 313 350 353 303 333 3 33 43 154 133
303 334 1331 331 333 333 343 345 333 333 334 335 433 433 503 41133
333 333 333333 3411334 34 3333 33 303419438535335153101
113153 133 133 133 133 333 353 133311[333]331 313 333 343 330
333 333 331 353 330 331 413 433 431433 133 113133 133 183 341
431 433 431 435 433 500 503 514 353 334 413 430 454 430 434 433 514
551 533 533 530 531 330 334 343 533 333 133 313313 333411 451
331333333313333341343343 53 10 31 133 333 355 315 330 334
350 333 335 301 315 3333333 40 333333334333413 430 43333
45 54 111 134 133 133 333 303 315 133 301 305 333 331 345 331 430 501
335 433 451 430 431 514 513 533 50403 30 33 34 133 153 153 135

553(bis) 304 607 639 647 728 739 172 174 200206 231260306 326398
744 753 Σ 26 36 106 110 135 190 417 450 466 486516 313 38 73 77
218 233 236 251 256 263 264 298 82121 140141 281282291299 331
325 331 346 347 351 352 384 402 342 367 411 9133 150 306 358 391
419ἓ513ἕ 423 429 470 474 476 481 403469 532 548 569 3181 130 216

483 ter 485 490 491 494 505 507 521 221 266 324 852 379 420 31016 87
535(tor 541 542 545 550 551 553 555 94 115 139 172 178 236 274 277 288
556 561 568 569 573 579 587 588 590 314 341 486 495 497 514 516 529 552
600607 Τ6 7 1618 42 59 77 81 121 570573 598 435 34 384162 129 143
159 175186249251 280 364 366377 210 214 217 288 308 328 3334133
384 393 424 3³15 2055116131 169 96 157 176 218 [333] 333 296 307 317
333 182217 245 259 381 385 395 435 353 366 399424 211 13 117 126 151
486496 Φ9 77 82 104 132 145 202 169 200 370 417 421 469 489 491
239 241 282 338343885404 449469 053 60 105 113 118 153 186 215
476531547569571586 610 216164 234 337 33128129 162187 266 284
69 71 87 171 172 199 210 276 283 365 382 392 412 423 465 Α 30 297
299 318 330 357 377 402404 426 441 333 396 Β 137 142 202223 227 237
451 478 480 484 503(bis) ²23333134 301 661 Γ 63 230 344 395 Δ 39 152
89 114 131 132 134 152 165 170 177 208 253 258 260 289 309 313 360 458
216 241 243 248 254 271 273299 330 462 Ε 259 270 317 346 386 543 612
338 344 352 359 370 399 416 437 448Ι 712 805 Ζ7 51 91 93 217 272 274
451 454 456 461 481 495 506 507 5311 303 315 500 Η 18 68 127 148 216
535 549 [565] 567 597 620 624 6541 241 349 [333] 389 66148 284306

 

