655 παρά - παρειαί. 656 ,

0514 1609 ααααήααααα 169015155- 303 313 353 331 1149911691 9445
ααααα559 5545461469, 0949111919 400 9119 949 991 f
55561466χ464499996066990 491 101 191 3137 143 400 533 1
4144611116190996111969 61111404160111160991491 ξ
. 1150. 9141169640. ‘
4553531133143154335333440 4457334343143. 4
73⁷ 343 335 431 054 53 35 403 αααα199α961 995 400 416469469

433 443 443 335 303 333 ζ 94 169
990 11191 114 95 949969 991 949
4561646546690091946951
61 69 196 146 119 919 914 994
991 [910] 499 446 441 505 595511
191 94 49 116 991 545 μ99 69
191 999 5199 904990 619 494 5347
443 433 509 5191 191 153 9561995]
909 966 490 466 α 65 415 ρ 99 33
956 1116 909 555 991 595 559
α 956 564 145 996 965 χ69 161
496 94 69 190 900 905 916 991
944 941 956 405 415 416 611 954
919 991 999 604 195119 1195
440 4460 516 9195999 969 949
946 H 99 19 994 946 6191 [1691
919945 414 504 461 90 169 949

490 641 905 4191] 116 914 946
5154991941910 1194 511 α444
1115 460 5337 403 414 191 99
960 459 5140166 335 0433 6343
969 α 960 961 5111 169 494 α 11
3355 533 161 1969 919 919 41
990961 E 113 335 109 669 906 949
11195 190 449 ο 166 949 599 533
4333 1411560 4499 519511 699
119195 0431 Ν 116 611 144161
’4196 46411 0199191551119151
Σ 961 516 606 T 959 159 ο 16
906 444 541 609 1996 Ψ 95 666
49 100 406.

παραὶ α366 ρ572 0213 10411 3711
Γ359 Ε837 Η253 Λ233 Ν605 ,

0 175 280. '

332 470 556 609 631 657 Κ1 54 παραβλήδην A 6.

75 209 256 410415 473 549 Λ 109 παραβλῶπας (ὀφθαλμώ) Ι 503.

111 603 622 631 805 Μ 114 199 παραὶ 1. 91. παρά.

204 225 352 411 418 Ν 2 35 69 84 παραιβάται Ψ 132.

123 276 746 778 ’444 05 69 367 παραίσια (σήματα) A 381.

407 513 577 601 656 673 696 Π 115 παραίφαοις Λ 793 Ο 404.

127 151 204 272 281 473 Ρ165 παρακλιδόν ὃ 348.

290 310 324 440 606 Σ 36 104 256 παρακλιδὸν ρ 139.

305 338 530576 Τ 40 44 143 194 παρακοίτης Ζ 430.

316 406 1149 Φ173 520 530 X89 παρακοίτας Θ 156.

145 339508 Ψ28 160 225 359 394 παράκοιτιςγ451 δ 228 003 A 60 Ι 590
4114912115136169225412502720. Σ 184 365 Φ 479.

πάρα 9324 351 0559 916 141 196 παρακοίτι y 381 παράκοιτιν λ 298 305
364489ζ89 1125 0582231145 580 026 (9158 Γ53 ’47346 446οἱ
ρ 145452 Ε 603 604 Ζ 177 Η 383 πάραυτα 1. S. 16111.

12271135 0691 Π286 Τ310148 παραπλῆγας (ἠιόνας) ε 418 440.

Τ 98 Φ 192 Ψ479 Ω 212 429. παραρρητοὶ I 526.

πάρ’ χ 106 Α 174 Σ 191. παραῤῥητοῖσιν (1111.) Ν 726.

παρ’ α 123 259 y 156 172 347 460 παρασταδόν Ο 22.

351 61 119 155 199 227 197 παρασταδὸν κ 173 547.

η 203 0420 469 ι 132 τι 11 36 παρδαλέῃ K 29.

14901170 ξ 292 372 382 523 0298 παρδαλέην Γ 17.

386 455 1174 165 (παρ’ ἔτι) 343 πάρδαλις 3 457 Φ573.

(παρ’ 94) 466 α 414 α 915 χ 191 14166951 P 30.

137 333 333 ψ11 96 911 919 α 19 ααρ6α1ιαα 11109.

4469 9596115 1161406 491 αααεαα1959οα959469914491.
- 466 415461 500 595 596 544 9 96 αααααααα994 α 416 3310 36⁵ >3133

143 291 572 794 Ζ 34 250 433 Η 46
0280 325 544 565 1427 Κ 472 474
Λ1 166 167 314 558577 592 Μ 30

1555616196 999 4599 4190 99194
παρειάς 9 522 0172 Γ 35 παρειὰς
4153 0300.

 

