173

617 690 669 633614) 636 646666
666 666 634664) 661 666666 700
701 712(bis) 716 616664) 666 633
644 646 666 666 664666 619 617
697 366 614) 666 636641) 344 663
666 666 666 661666666 366666
676 64 6 17 16 66 69 70 76
76 66 66 90 91 91 96 97 99 100
101 106 166 116 116 166166166
176 176 161 166 199 666666 906
616 646 916 966 966 966 966 961
966 971 977 976(111·)969 966 967
990 999 996 996 601 601 606 610
611 696 697 611 617 366363 666
666 666 660 669 691 109 117 161
446446 117 166 166 166 169 160
A 11 16 17 64 66 4646614) 67 66
70 66 116116 166 166 166 169161
166 166 614) 166163 179 166666
997 967 666633 966 991 997 600
606 (616) 609 311316 696 666 666
669 616 666 666 660 696 106 106
mmmmfflfflmm
661 634616) 636 646 643 6 9 69
69 66 96 107 166116 116116 199
144 146 166 166 166 166 166 616
616 663 991 996 960 967 666631
601 609 619 611 616 666 669 366
366 336 366 363 466 116160166
446 461 466 170169 166166197
613 616 616616) 690 691 696 666
669666667 699 601 611619696016)
669 611 669 666 671 666 699 707
716 797 769 766 766 760 799 791
699 346663 696 z 19 16 66 61 66
66 66 64 66 66 66 66 60 67 66
166 114 116 116 166 164166133
196 197 900 906 906 616666 996
960 910 969 966 976 610 316614)
366611) 664 366 336 364666 667
666 666 679 413 464466 431 434
436 436 436616) 441 446 446 117
446644) 463 466461 666616 1110
99 61 66 19 69 66 616) 67 60 66
67 64 66 116 116 163 136 146 161
164 166 166 166 163 164161166
mmmmmmmm
916 666666 961 961 666636 990
996 997 609 696 696 696 666 619
616 366366 661 667 [666] 361614)
363 336 361 461 414 416 446466
166 466466 6 96 69 61 66 77 107
110 111 119 160119117166 161
166 169 163614) 166 136136161ἰ

καί.

414

666 [666] 646 643 661 663 664666
666614) 636 636 663 600 366311
666 616 (v. τε-καὶ) 361 679 660
666 101 161 166 160 166 466466
197 601 606 616613 616636 610
646 [6666166 666 666661 1619
36 64 66614) 61 76 69 67 99 91
66 101 111 167 116 (bis) 160 169
196 907 910 616) 616616 666636
966 979 967 616) 999 991 361366
336331 661 611 619(611) 346366
669 666 679 676 336334 333466
166 [160] 161 166 176 199 466463
466 601 601 616 691 660 619 616
617 616 663661 666 676 676 661
666 669 619 616 690 666 616 661
mmmmmmmffl
709 716 6143 46 63 66 63 67 76
61 66161 106 106110111 111
190160 116 166 171 176 166 907
911 616616 666666 996 633 644
646 666 661 664 666 634 316 366
366 334 363 466466 463 463614)
431614) 444 446 466 464 463666)
466461 466 466 466 616611666
666 666 Λ 6 66 66 70 64 67 99
166166 116 191 116 171 191 911
636666 663 663 636664) 6613161664)
666614) 616 617 690 661 666 343
346 366 366 366 366 366366 363
366 366 363 336 336 666 363 411
466 436 436 443 446 169177 461

· 527 533 535 567 570 577 578 530

636 666664 661 636 669761767
767 767 761 790 606 619 617 666
619 613 4 6 16 11 17 66664) 96
99 61 11 67 66 79 66 69 66 (bis
64 166 164 111191 166 166614
166 161 163 164 166 161131166
133 614) 166 166 663636 636646
644666 663 664 636 663614) 666
mmmmmmmm
616 661 666 666 671661100160
161 161111 119 167 Ν 14 16 63
46 46 66 61 66 66 61 66106199
164 144 166614) 166 163 166 616
6666366666641)666614)631636366
316 316 313 331 346 660 666 666
666 671 699 106 106 199160169
116 116 161 167 190 614613 644
660666661660696606696 666(6160
636 633 661 666 666 636 636664)
616616 663 [631] 666 664 666666
636 636 614 616 366 366 336 66

 

