ἀνήροτα - ἀνθεμόεντι. 74

533839 27481 Η 155 424 896
256 111110 K 68 A 92 392 738
745 759 Μ378 N 170 696 0328
335 432571 660 Π 306 351 441603
[383] 3117 1122133231 337 3314
X 84 93 179 379 415 ἄνδρ’ δ 142
551 ζ161 4214 1186 π 72 τ 265
v 15 φ 133 Δ472 1148 Τ183 295
Ω 355 369 480.
ἆνερ 33 725. ’ s
ἀνέρε Μ 421 447 Π 218 Ρ378 ἀνδρε
δ 27 Ε 303 Y 286 accus. ἀνέρε
Λ 328 ἄνδρε ι 90 κ 102 π 244 Ε 244
A 432 Ψ 659 802.
ἀνέρες α 176 γ471 δ827 ι89 ιι 101
1 123 ν 233 ξ 104 410 ο 163 302
345 77236 ρ588 χ306 3270 Bl
604 Δ41 3523 861 Ζ112 6174
1384 A 287 549 Μ 122 271 717149
Ο 272 487 561 661 683 734 Π 270
Ρ185 Σ515 3‘158 Φ 586 Ω 677
ἄνδρες α 198 γ298 363 δ98 3197
θ 191369 4126129 κ 395 459 741
401408 ν 112 166 ξ 102 124 524
ο 376 387415 427 11473 ρ 200270
234 ι 32 74 φ 13 325 ψ 328 8 111
282 21403 594 Β 131 474 611 813
A 187 216 438 Ζ 151 315 Η 139
1154 197 204 296 441 Κ 100 525
A 687 17390 499 571 717291 Π 170
463 Ρ 65 110135 Σ 498 Y 74 165
214 Φ 405 Ψ 242 744 886 Ω 234.
ἀνδρῶν α 23 28 110 170 338 β 29 51
69 290 γ31 245 400 454 482 δ 62
63 80 139 236 246 268 319 363 791
ε47 106 448 ζ3 5 8 114 200 202
279 η 108 156 238 657 73 77 183
217 495 559 567 ι 124 174 κ 78 98
123 224 325 714 175 [343] 337 413
449 514 629 [746 66 445 ν 91 143
175 264 309 310 322 396 428 ξ 22
43 69 97 121 187 221 236 263 335
531 3 32 264351 384 389 467473
510 τι 29 34 36 65 189 305 318446
ρ 184 231 909 432 526 540 581
σ 137 τ 105 271 292 444 υ108185

Ε 38 166 203 268 311 332 384 426
500 531 558 636 746 Ζ 33 56 99
146 149 153 185 488 Η 13 36 162
274 314 Θ 49 61 64 132 214 278
390 196 114 134 163 189 276 524
558 672 677 697 K 18 64 86 103
119 186 221 233 338 395 464 470
A 99 182 188 203 248 254 264 500
540 701 761 Μ23 47 48 57 110 147
283 Ν237 239 263 277 285 304 472
632 4764 103 134 259 320 342 522
Ο 12 47 111 279 310 532 533 563
588 615 715 Π 226 433 458 633 688
728 850 Ρ82 140 154 400 505 510
737 740 Σ 110 111 170 Τ51 76 81
33 33 135 111 143 153 172 [177]
184 199 214 364 T 41 47 56 113
157173 379 389 Φ 16 150 215264
Χ160167 168 458 462 Ψ 49 161
288 554 895 Ω 8 103 288 343 698.
ἀνδρεσσι α 358 3 352 ν 390 φ 352
Ε874 Ζ492 57633 Π 386 Σ 91
328 Τ270 Y 137 ἀνδρεσσιν κ 120
Ε 546 Ζ 397 11441 Ν452 Ρ 308
3242 3235 3733373245 [33 8733
ζ288 η 74 0223 450 91 96 17306
π 265 φ 303 310 χ 12 234 Β 122 Γ6
Ε 488 641 Ζ 453 Η 61 I 317 327
Κ 403 Μ 41 0490 513 611 736
11492 Ρ77148158 Τ 168 232 19266
ἀνδράσιν α 349 3119 η68 6168 214
κ 214 7360 ξ 178 230 ρ354 σ 138 330
390 τ 110 315 408 v 262 χ412 ω 83
A 151 261 Ε 779 Ζ 314 Λ762 Ν346
461 Π 557 Ρ 445 Χ 262 Ω 258 684.
3737373371 7231 [532 3184 5173

370 Α 262 3554 Γ 185 11209 1239 ·

Λ497 Μ127 Π167495 Ρ328 Ψ111
,Ω 247 ἀνδρας y 314 3484 9456
λ 116 516 ξ218 231286 311 6261
υ 202 220 χ 229 ψ84 (3108 381
Β362 Ε 541 Ζ 70 339 8296 1361
477 520 544 593 K 40 358 481 487
521 Λ 802 Μ 170302 Ν 475 Ξ 387
Π 44 495 532 Ρ 157 658 Φ 155
Ω 45 382.

133 225 254 333 φ 238323 343334 5575533 ι 133.

χ 27 369381 ψ 31 138 147187 204

ἀνήροτος ι 123.

303 311363 312 3 25 87 [1211257 ’Ἄνθειαν Ι 151 293.

298 507 Α 7 146 172 266 334 442 ’Λνθεμὶδην Δ 488.
506544 Β 340 368 387 402 434 441 Ἀνθεμίωνος Δ 473.

612 768 798 837 Γ49 81 108 196 ἀνθεμόεντι 7440 11467.

241 267 455 A 68 148 231 250 251
255 273 316 336 445 447 450 519

ἀνθεμόενταμ 159 ω 275 Ψ885.
ἀνθεμόεντα (Πύρασον) Β 695.

 

