431 Ι “ κάρφω »- κατά.

κάρψω ν 398.
κάρψεν 430.
καρχαλέοι Φ 541.
καρχαρόδοντε Κ 330.
καρχαροδόντων Ν 198.
κασιγνήτη Δ 441 3³71 Φ 470.
κασιγνήτην Π 432 Σ 356 κασιγνήτη 11810.
κασίγνηται 1 534 κασιγνήτῃσι Σ 139 κα-
σιγνήτῃσιν 14 317 κασίγνηται Σ 52.
κασίγνητος Ζ 430 Η 48 Μ 371 171473.
κασιγνήτοιο θ 585 Γ 333 Ε 357 0330
1567 632 Λ 250 Ξ483 Π 320 κα-
σιγνήτου θ 546 κασιγνήτῳ γ 39 0 331
2102 Ξ231477 κασίγνητον Λ 257
0436 466 Τ 419 Ω 47 κασίγνητε
Δ 155 Ε 359 Φ 303.
κασιγνήτω φ 216. .
κασίγνητοι ζ 155 η4 0 16 273 Ζ421
Π 456 674 ,Ω 793 κασιγνήτων 31434
484 Ζ 452 κασιγνήτοισι σ 140 Ε 474
0545 Π 326 κασιγνήτοις 1197 115
- κασιγνήτους Ζ 239 Τ 293.
Κάσον Β 313.
Κασσάνδρη 34 699. 1
Κασσάνδρης 1422 Κασσάνδρην Ν 366.
κασσιτέροιο Λ 25 34 Σ 613 17271 Φ592
κασσιτέρου Σ 565 574 κασσιτὲρροΨ 503
κασσίτερον Σ 474.
Καστιάνειρα Θ 305.
καστορνῦσα v. 3. v. στορὲνννμι. ρ
Κάστωρ ξ 204. -
Κάστορα 1 300 Γ 237. 4
κατά μ 360 Α 460 Β423 0403 417
Ι 653 Φ 559 Ψ341.
κατὰ α 4 8 29 116 145 192 228 29401133
323 375 β 77 101 140 247 251 376
383 397 425 429 γ 72 106 138 307
315 331 389 428 4570113) 461 δ 19
1111111111) 123331) 131 131223
258 266 510 530 556 652 715 717
720 749 764 [783] 8130113) ε 52 327
3331111) 3111211311) 111111 131)
131 133 1131311) 211233 η1ο 1321
’ 133 131 221 3 33 34 33 141 113³
130 333 330 331433 433 303 331*
4245 333 303 303 313 330 3123321
424 433 κ 16 50113 1221510113)Ι
201 209 233 238 362 409 [479] 5701
15 9 151 193 230 245 292 334 3912
466 479 497 588 599 μ12 35 93)

432

233311 133321 1133 331 313332
333123 31333113233221323
333 323332 403 430 433 301 331
333 333 313 5803131 110 133 303
310 333 417118 43 31 143 133 330
433 301 331 3333333101313) 31
33 33 103 133 133131113131333
243 233 313 323 331 32⁵8 213331
313 χ132223 3233223 233331
333313 311 333111131133 ψ 131
233 313 3103 133 133 133 334
2331311) 211 212 330 333 331-333
333 330 413 443 330 A 40 133
1331311) 223 233 313133 413 121
123 133131 133 131131 333 33
311 130133 113 131 314 303 311
333 343 332311) 333333 333 133
414 431 433 433 410 330113 303
11122112313113231131133333) ⁴
133 333 313 313 333341 3343
31 13 34 33 140 300 333403433
330 313 330 313 331 311(333) 313
333133 13331131133231113

ι 1111311) 133 131 133 312 1114 343 ¹

333 3131333] 433 411 312 33 31
131 113 1333111) 333111 133212
231 211332 323133 321313 1111
33 111 133 141 133 333112131
331333 A 13 33 11 31 103 133233
313 334 232321 333 3131111311)
121 331313 333 [333] 331 130113
303310811M1383133304341
33043111333133133333331
333 413 304 333 333 333101 131 ρ
133 133 ,323111 131 113133231 1
441 311 32131 133 (313) 303 333 ¹
313334333430333111131113 4
333 333 333 331 343 344 343 343
331 4333431314] 343 113 133 330
1³13 41 3113311111) 233 233313
133 312313 331 333313 333 143
Σ 13 (111) 33 43 34 133 333 233311

128331 606 Τ 12 25 27 39 94125 ,

133 233233323331332 331 1231 ζ
(11331133132333111123111
223 233233 313 321 3331131122 1
111 133331331133111133131

442 478 141 100162 230237 250 1

285 436 623 626 700715 769 798
799 884 343 291 327 379 512 518
549 622 640 662 691 703 740 791.

151 204 252 364 ν 2 14 48 90 379Ι κάτα 3341 β 322 η 144 16 217 κ349

333 ξ 13 31 231 231 3133333331
111 113 312 134 113233 2113111)

J .

ν 377 3409 510 11124274 ρ204
232332 σ257τ233 345 φ298 346

 

