733 πύξ - 55531141. 734

4335 03773355 3433 3113 5455 5155 515 1554 555 5155 154 555
A 343 3303 555 555 11 305. 330 335 3337 πύργους 5555 πύργους
πυπύοοπ’ z 50 11551 A 135. 11555455 5555 51155 51445.
· πέπυσμαιλὸθὸ 5115555511494 πέ- πύργωσανλ264.
ποοππ 5 411 ρ515. ἔπορυπου 1151.
πυπύυοπ 5 341. 4πυρ5ρ 5 155.
ἐπέπυοπο 11554 πέπυυοο 11551 51455 πυρύς A 55 1545 5555 5 55 141
πυπύοορο 5555. 155 154 515 πυρῇ 5155 155 154
3333103 5551. . 515 541 55555 πυρήυπ555 551
5115155555 5555 5555 5554 5551 5555 πυρὴυ ο 55 11555454 5154
πύξουοο(1υγοο)55555. 1 515 43 733.
πορ 5 415 ο 55 5455 γ451 3455 1515, πυροὶ A 55.
455 555 A 155 Μ 155 5555 51115πορργύρου v. s. v. πυροφόρος.
154 5555 5545 5455 515 515Ῑπορ55υυο (ρογ55ο) ο 555.
5 55 155 515. πυρύυουοπος (υπύ4ος) 11554.
πυρός ι 380 1191 μ68 5946 Η 79 Πύριν Π 416,
1242 Σ 412 Τ 376 Χ 342 πυρὸςΙΠυριφλεγέθων 55 513.
54551555 55551515 π555ρ55 πυρποτὴ 5555.
19 20 39 606 5 25 4589 3415 πυρκαϊῆςΗ 428 431 ²315ss 331 πυρ-
5155551541551515551555 οοῑήυ 5555 πυρποῑρυ 5555555
1545 415 A157 555555 47373 51551.
,5555 5555 1151155 5555155 π5ρυουο515ρ15.
51515 5555 515 11155155 π5ρυορ555.
555155 555 51555. πυρουπο55555υ155 51551555.
πορ15154ρ5725445566 Φ338Ψ45 πυροίὸ 604 333024110 7033(va 30
πυρὶ γ 541 445 3333 5455 454455 πυροὺς π 115.
1328 373 330 μ 237 4433 433 355 πυροφόροιο (45561545) Φ 602.
A 104 5545 555 3315 3433 433 πυροφόροιο (ἀρούρης) Μ 514.
5 155 515 555 1555555 151155 455 πυροφόρου 55155.
11454 347 5415 555544 5544 545 πυροφόρου (πο5ύου) γ 455.
454 5515 551555 5555551555 πορπο5ὲοοπος ο 55.
555555 11554 411 445515 5 45 πυροοι 5 511.
1551551555. πυο155γ55155551555555 5555
πύργ5 155551 1551 551 555 5555 1555 1155 155 555 5545 υ 155 π 154
555555π5 33344331335173 555151 155151555545145115155
151γ451455υ511545 5551 υ555ξ555π51145155551ρ515
, 1555115454555545144111555 5115 5155 γ555451 515 55545
5455555 515551 5155555551 545515 3133 A1033343333133
515 555 455 5541 545551 15 555. 555555 Γ 155 555 A 134 11455 1445
πυρ5 5 554 551 555. 1145 555545 555 A437 504 710 34303
ππρ5(οοοου.)5555 1555541115. 555 555555 5145 5455 555 1155
πορογρρυ γ 454 5 477. 3130 377 5154 555 555 515 5 305
οορούγμγς 3 545. 515 5 5 55 55 411 555555.
Πυροιγρρυ 51555. πύ ο 515 β 115 5141 5455 π 503
5ουρ5πουουο555, . 5154 μ55 55 133 303 ο155 333
555ρπουυ 3 335 -· A 431. 3350 335 330 5155 γ5 515 5115
πυργηοου15145 11155 5515. 555 3337 A103 154 543 3133
πύργος 5555 5555 A 334 455. 1 415 555 1555 445 A 334 331 1155
πύργου 5515 55555 11555 5 555; 1145555 A713 11551 5515 11555
555 51445 51555 πύργγο Γ 155 5541 5451455 511 ο 415 515 555455
3373 431 5155 πύργου 5154551551 5 505 553.
44313A435 51555555 555 5155 ποποποπγή.
11462. υ 05' 5111155. 550.
πύργου A 347 M 430 5554 πύργυυῑπύ5υυο 5 511.

 

