325 ἑτέρωθεν - εὖ. 326

{tim Π 179 ἑτέρῃ γ 441 ιι 171 τ481 ἔτ’ α 289 322431 663 115 220 714
χ 183 184 Μ452 8272 273 Φ 71 401 6716 ε 160 0315 ιτ 193 1111
72 ἑτέρην ν 68 Γ 103 ’Σ 509. 380 393 495 623 628 17138197 ν318

3333771126 3433733124. 415 ξ138 3433 ττ 23 33 204 355

ἑτέρηφι Π 734 Σ 477 Χ80. 341 322 216 ν 12 33186 282 χ 35
ἑτέρως οι 234. 237 245 381 ψ 203 249 ω 351 401
31433333133133343 6366 χ311 4373 1313333337 341 343 1640

A 247 Γ230 Ε 668 Ζ247 11311419 Ε 120 285 621 Ζ411 501 H 364

430 055 1666 A 56 215 647 Μ415 391 447 I 375 675 K 493 A 710

Ν489 835 »8388 0 501 Π 427 733 Μ 106 203 Ν510 512 O 556 674

755 763 Ρ138 Σ 32 243 Y3 51 164 Π 305 Ρ379 586 653 Τ421 Φ609

X 79. X 86 136 270 Ψ75 268 490 619 627
ἑτέρωθι 6 531 μ235 Ε 351 0348. Ω 774.

ἑτέρως τ. s. v. ἕτερος. ἔθ’ 6 293 τ 158 Β 344 Τ218 Ω 683.
ἑτέρωσε ιτ 163 179 χ 17 Θ 306 Ν 543 ἑτοιμασάτω Τ197.

616 10 161 Ψ 331 337. 3333313331 116.

6743733 τ 470 Δ 492 Θ 308. ἑτοιμάσσαντο ν 184.
ἔτετμε(ν) 7. 3. v. τέτμον. ἑτοιμασσαίατ’ K 571.

Ἐτεωνεύς δ 22 395. ἑτοῖμος Σ 96.

Ἐτεωνεῦ 6 31. ἑτοῖμα θ 384 Ξ 53 accus. ἑτοῖμα α 149
Ἐτεωνόν Β 497. 667 218 ε 200 071 484 ξ453 ο 142
ἔται 6 16 ο 273 1464 Π456 674. π 54 ρ 98 v 256 191 221 Ω 627.

ἔτῃσιΖ262 ἔτῃσιν63 ἔταςΖ239 Η 295. ἑτοίμη 1425.
ἐτήτυμος y 241 3762 Χ 438. ἔτος οι 16 β 89 107 η 261 ξ 287 τ 152
ἐτήτυμον (pro adverb.) α 174 71157 645 222 31 142 288 309 Ω 765.

ν 232 ξ 186 ο) 258 297 403 Α 558 ἔτεος 1 295 ξ 294 ἔτεϊ π 206 τ 484
Ν 111 Σ 128. φ208 ψ 102 170 ω 322 ἔτει 6 82.
ἔτι α 197 203233 288 315 404 414 β 36 ἐτέων Λ 691 ἔτεα Β 328.
63 202 210 219 230 296 313 397 360 ἔτυμον 6 140 Κ 534.
3331 433 343 333 733 733333 333 3371137 1 333 ἔτυμα 7 667.
ε 8 114 290 417 ζ 33 173 174 η 213 ἔτυμον (pro adverb.) ψ 26 Ψ 440.
270 19203 245 ι 13 355 7352 269 498 ἐτώσιον Γ 368 Ξ 407 Σ 104 Χ 292.
7. 104 175 214 219 458 474 630 μ 54 aecus, ἐτώσιον Ε 854.
264 428 ν 258 336 ξ 44 142 167 275 ἐτώσια 17633 accus: ἒτῶσιοι χ 256 273
312 325 338 353 487 ο 15 305 349 (ο 283.
333 π 131 133 331 333433 ρ 33 73 13 6 400 333 133 133 337 666 337
388 229 268 347 τ 10 19 45 66 84 494 589 818 3236 250 259 13180118)
249 294 301 313 324 509 ν 41 178 η 74 037 39 215427 574 7215 329
207 210 224 285 310 φ 95 426 χ 63 ιι 452 1445 ν 20 285 314 370 ξ 128
ψ 228 231 ω 186 313 Α 96 296 455 365 0 211 310317 322 331 ρ 28 85
593 Β 118 141 212 229 258 260 287 178 275 324 423 563 3 168 260408
435 Γ 407 Ε 254 379 465 662 679 818 τ 30 79 93 194 319 460 464 501 ν 75
895 Ζ 139 222 367 500 H 217 433 161189 371 φ222 242 369 387 χ128
Θ 126 125 28 105 106 111 234 259 190 399 494 ψ42 175 193 197 ω 123
371 386 678 Κ 161 253 506 A 172 195245 271 285362 31119 164368
266 790 820 Μ 4 199 Ν 7 214 232 385 515 Β 133 253 301 3603821518)
247 7858 97 144234 358 362 374 439 383 384 648 718 720 777 823 Γ72
498 099 105 121 193 240 539 Π 14 93 400 41111 112 163 196 206 310
68 238 255 638 651 Ρ 41 338 354 453 Ε 11 128 245 466 489 549 650 2150
637 681 Σ 10 178 Τ49 70 150 231 ’370 415 438 447 497 11339 438 832
327 335 408 Τ 269 349 426 (71206 463 1 149 210 291 345 358402 Κ 63
211 305 475 585 Χ 16 59 219 235 2501 72 265 438472 A 48 526 653 769 779
Ψ46 386 429526 690 787 1143744081 788 Μ 85 100 350 363 369 458 Ν 665
413 473 733. 7 6:162 476 3413 3137 333 764 431
' ll*

 

