³ 357 710 ·· 6646·

1 462 6666464 466 [4666446666 666666646464466466.
y 4626266 66666266 662 642 6666666462.
6 6667646466 6667646444 6666666 66666 6 66 66 666 426 266 701 262
66426466644644646664666 266 6242466 464466 62666266
44462 2666 626 6266 64 666 6666 6 64 6266 266 266 264 666 6 44
6626 6 666 6666 6646 4466 2664 46 66 446 646 264 244 666 464 6 44
46426 6666646664 66. 6466 6462 644664 62666446
66666666 6 262 666666 A 666 3131 644 446 424 [426] 644 466466 464
6666666 6 626 A 003 66666666 Λ 66 6426 666 626 626 466 466 7104 266
6466 66 466. 444 46 266466 466 6466 664 44264

καθήμενοςβ 255 3696 186 δ 101 539 832 463 K 478 Λ 527 689 706 Μ 223

, 7 82 κ 260 497 5478 υ 136 φ420 241 Ν377 785 6861 369 Ρ712 Σ197
ξ 8207 Ξ5 Π 407 καθήμενον ε 151 Τ 409 Τ 119 136 300 Ω 53 70 394.

¹ ν 221 καθημένωπ 264 καθήμενοιδ 238
“ η203653οφ89Δ1Η443Σ531

Ψ448 495 Ω 161403 καθήμεναι Δ9
ἀφήμενος 0106 ἐφήμενος 7309 ἐφή-
μενοι μ 215 μεθήμενος α 118 παρήμενος
626 339 ν 411 6456 521 6589
Α421 488 παρήμενονν407 6209 παρ-
ημένω 1578 παρήμενοιξ 375 6231
Ι 311 Ω 652.
61666 6 466 y 100 6262 666 6466 6266
ρ 191 253 323 606 Δ 164 Ζ 448 866
72 Λ84 Ν98 7409 Φ 111 14212 490.
ἤματος686 ήματιβ284 634 309 ζ170
66326 μ 105 ξ 105 ν 19 116 ψ 252
, 337 351 482 743 Γ189 Δ 543 Ε 210
2345 422 8475 1253 363 439
73 7140 4444 707 700 64266 46264
335 47250 076 252 Ρ401 Σ85
324 Τ60 89 98110229 Φ5 77 517
584 X 359 471 Ψ87 ἤματ’(ι) Π 385

¹ 6666666 664 6646 6 266 6226666

6644 6266 6466626 64666 464
556 77 28 80 144 183 269 288 [476]
μ29 399 ξ 340 6476477 524 66149
6571 6137 6369424 6641 63 Α 592
601 Ε 490 2455 463 1251 597
Λ 484 588 Ν 514 0375 613 719
Π831 836 Ρ511 615 Σ453 Τ162
294 11193 315 (1157100374 Χ 432
Ω 73 713.

6666664466 6666 666 6666 6466
’ χ 301 ω [143] accus. ήματα β 55
205 6209 592 6136 156 210 219
278 388 740 281 η 94 257 267

ἄμμες 7 303 321 χ 55 Φ 432.
ήμέων α 33 6498 μ 187 ξ 271 66185
6 446 Γ 464 Λ 646 0 466.
666466 6466 466 46 266 6 426.
ἡμῖν α 10 1195103656 ή 202 0236
244566 653 256 κ 445 466 16 μ 28
148 ν 174 0431455 66312 375 (6597
φ 289 329 365 ψ 109 134 ω 127
130 138 169 400 4467 214 2603295
324 Γ 160 323 440 Θ 142 1245
Λ 319 671 Μ328 Ν327 814 Ξ99
481 0509 721 Ρ244331633 Χ 498.
ἥμιν α 166 β 31 325 y 173 ὃ 777 6248
ν183279π268427σ486424541147
579 583. Β 339 Η 352 Ο 719.

6666 6 666 6 666 66446466 6666
v 272 Ρ415 417.

ἄμμι α 123 6334 6 770 ζ 205 η 203
χ262 11384 Β 137 Δ 197 2071427 .
Κ 70 Λ 714 0493 Σ 279 Y 140
Ψ 160.

ἄμμιν μ 275 Ν 379 Ξ 85.

ὄμμ’ 16) ¹H 76.
ήμὲας β 86 244 330 6452 652. 643
545 77 319 385χ 264 ψ 138 224
8211529 11211 Λ695 Ν114 0136
66666 6 466 264 6266 6264 6266
ο 82 66381 7 384.

ἧμας 77 372.

ἄμμε 6404 77 209 μ221 χ73 Α 59
H 292 378 397 K 346 Ξ 62 Σ 268
Χ 219 Ω 355.

’666646 3 266.

3431 468 674123 611142 467 ἡμὲν-δὲ Μ 428-429.

[470] ο 54 66 365 (6534 6199 513
4684 φ 156 ψ 6 336 6625 8539
Ι 326 Μ 133 Ν 826 ’.47235 [203]
276 Π499 Σ340 Τ226 Φ45 Ψ186
664Ι 62 464 646 666676) 6666 6 646

6666 - 666 6 226.

6666 -› 666666-66 6 466-464 264
0466 π 212 6262 Β 789 136 226
-227 258 0642.

ἠμὲν-ἠδ’ 037—907105-107445
-46 6383-384 κ 22 458- 459

12*

 

