583 Ὀδυσσεὺς-
333 433 333333 1 14 31 33111 114
133 111 311 331 333 1141 13131
133113 141 134113131 133 131
133 333 333 311414431 334311
333 3133 31 134 133 113 113 131
3190 114 434 433 414 31 34 30
105 170 [131] 131 133 113 313 311
333 433413 3 111 113 133 141 133
313 3 131 113 141 331 333 343 343
333433 414411 433 331 334 331
Amssmrmmmmmm
343 E 079 11131 131 1133 111
113331 313 1141311 433 413 411
334 A 313 443 131 3⁴33 141 141
134113313 11113 733 773.
’3333331331 33133334 337 33 11
133111 341 3131 130 0330 039
733 1313 431 11 114143 314 31
344 033 304 307 531 311 111333
331 133111 13113111 4433103
335 340 333411 331 3 33 133334
11 31 133 113 133133111313
331 333 433431 441 413 333333
333 5130300 310 13 33 34 113
111 χ 11 313 393 433433 ψ 13 31
111 [313] 343 3134 330 131331
443 A 145 430 440 3373 373 031
030 1133 314 1313 333 77143 303
400 513 4331 1111133133 131.
Ὀδυσεύς ζ 320 ξ 152 470 11162 3783
1141 113 413 3330 5333 1131
11343 333 311 :5⁴39 330.
’33311311143331333 3131 114 111
343114 311 4111113133 143331
331 113 1113 1 131 433 313313
3113 301 304 435 111433 3131
131133 539 5334 131 14 313 433
431 3 3 331 334 335 3 13 43 1131
141 131 311 433 433 37 37 131Ι
300 5313 413 313 4 434 501 133]
77 331 377 470 490 433 537 A 3331
390 401 439 001 1113 1141 41133
113 133 133.

331 314

3331111 3 33 133131 133 3335 133
3314113 5503355133373
3443 1133 331 1133 134 331 311
431 1131133113134313 114
4131133131113 334333 433 311 3
333 3111 111 133 133131 133333
3499 344 354 303333 143 310
339 495 339 5137 195 410 440
44131331114 114314331113
Ὀδυσσέος Δ 491.1
Ὀδυσεῦ131398
’3331113133 114141 33 313 1441 1
3111333313141113.
33311111141111 31313111 1331
113311311333431334311133
1311413 331195 131113313 ‘
3391 33035100 4431113 131 f
11131133 31311433113 1
Ὀδυσεῖ ε 398 ν 35.

’3331111 311 143 3144311 1334
333 3111 1333 1413 3103 353
31535113 494 34111343
Ὀδυσσέα ζ 21211301.

’3331313314 13 111333 3103 0 354 ]
1134 3103 341 0453 503 3131
1134144314141113433413 3
1311331113433331133131
333 313133 111 133 131113313
3304 357 393 330 115 303 335
331 337 343 401479 493 3 45 345
5110149391409 3133431 1131
331113313111413413411.
’Ὀδυσῆ’ (α) 3 336 ν 124 ο 157 σ326
1331313431.

Ὀδυσσεῦε 203 κ 251 401 [456] 488

[504] 1[60] [92] 100 202 405 [473]
488 617 1182 101 ν 375 413 ξ 486
11167 3104 111209 ω 192 542 Β 173 [
Δ 358 893 1308 624 Κ 144 Ψ723.
Ὀδυσεῦ 1517 1164 378 1363 444

μ 184 279 ν 4 χ 226 312 344 1346
673 Κ 544 Λ 430 Ξ104.

ὠδύσαο α 62.

Ὀδυσσῆος α 87 129 β 2 35 233 238Ι ὠδύσατοΣ292 ὠδύσατ’ 1340 ὀδύσαντο

279 394 415 y 64 84 219 352 398

τ275Ζ138. ·

3143141113313331141133111 ὀδυσσάμενος τ 407 ὀδυσσαμένοιο 637

31198 297 406 θ75ξ 144 [515]

[411]

32 59 [63] 313 337 347 522 554 ὀδώδυσται ε 423.

292 299 389 402 510 522 3311313 Ω 474.

417 5343 283 290 298 325 φ 74

6ζῳΒ312 13313 ζον 3663 Γ147 Τ238

1
1134 48 53 139 33 34114 167 230 ὄζος Β 540 704 745 842 Μ 188 Ψ841

, 158 189 314 432 3147 221 238
5135151 172 3335 0222 7313
17 371 Λ5466 806.

ὅζόι μ 435 Δ 484 ὄζοισιν Ξ 289 Φ 245
ζὸους A 234 Κ 467 Π 768.

ὀδώδει ε 60 1210.

 

