699 ⁸ 55445.

44014ος γ 262 6 170 ω 427 Α 559 84
Γ 126 A 230298 385 Ε 804 Ν 734
066 Π827 29313 Φ59131Ω204
479 520.

44016 ζ 86.

44014ος 8405 υ 25 A 244 Ε 597 114475
521 562.

44015 ψ 156 440016 4 387.

πολέεσσι 0 123 0 200 πολέεσσιν ε 54

44015 (pro adverb.) 44 113 β 48 167 γ 358
6698 ζ39 0129 197 221 284 543
4228 276 449 537 44 396 1239 310
358515 621 04109 ξ220 096 44 89
443445 534 343 4040) 583 υ 340
381 04154325 χ289 353 40517 Α1120)
167 169 229 581 8529 577 580 702
769 817 Γ41 A 51 56 307 373 507
Ε 201 378 Ζ91 125 158 272 Η28
105162 268 0144211256 Ι 250 700
K 557 Λ162 217 236 Ν161815Ξ442
467 0165 181 226 448 641 Ρ3310)
342 364 411417 655 Σ 109 Y[135]
368 434 X 40 103 108 233 459 Ψ 288
386429 572 577 Ω 748 762.

440110ςο 250 305 Η 156 Ν 804 Σ 603.

4501105 Τ81.

4011606686 4011644164 0407 0494
Κ 572 574 Λ 495 Χ 31 Ψ 245.

4401101 θ 110 1438 ν 239 4334 Ε 624
11236 Λ483 Ν 709 Ρ 95 4401101
44176 355 395 0181 241 6495 (bis)
444 0 44 [53] 444 4 40 44 540
ξ200 281 0273 44134 473 0269
596 4174 379 φ 12 60 367 ψ 119
217 4068 Λ242 8161 177 803 Γ183
A 77 538 543 Ε 383 Ζ151 227 229
Η328 0344 1467 11227 Λ 159
179 Μ14 427 429 Ν 733 15123
02 Π370448 Σ542 Τ226 Y 214
X 16 Ψ30 31 32 Ω 737.

πολλῶν 443 6717 ξ 69 236 40 382
Ε 176 8253 174 97 116 Λ514
Ν 360 0291 Π 425 Ρ393 Χ44

- 44011οἴ04 44 244 0330 390 4110 8483
Φ524 Χ 28 0011040446 3 0240 4239
407 0) 26 Φ 188.

4401106ς θ 23 4266 ν 313 Φ 236 344
11608 0000540212 62571364 516
ξ 271 0440 0153 χ229 384 1546
01226 Π 747 Σ 271 Φ 102.

4401150 4 45 Ι 469 Λ 307.

4401101 4 397 μ237 0 336 ω 67 Φ362.

700

44011644 44 359 4450 17 19320.

440116 0129 675 ξ231 0422 478
8459 469 8554 I 364 Ξ410 440116 058
6522 0160 279 4183 13405360)-
μ263 0452 457 537 4153 40043]
44156 891464 892 247 1227
Λ132 559 573 684 Μ 22 Ν 797
8124 0314 316 713 Π772 774
Ρ760 Σ 291 Φ 301 585 Ψ116 πόλλ’
0349 ζ 184 Ν 268.

4011044195 ω 272.

44011οῖ04 Ν 555 44011οἴ044 0 265 Ι 482
44011οῖςο232.

440116 0188 ε 267 η 157 4281 0537
0164 2310) 4310 0304 ω 51 Α 124
8213 8481 619 2169 Η 130 8204
509 177599 1112 Λ704 889 179
03082 Σ400 61556 4401141041
40) 444 443 404 334 444 0404
174 197 223 312 343 γ 54 232273
274312 393 445 633 81 9596164
230 (bis) 4270) 5720) ε 2230415) 340
377 422449 ζ174 175 082 147 224
444 404-3 455 (bis) 182 404 400 ι 45
41 45 53 4650) 4440 3090) 465 1280
019 347 440 ν 6 90 131 203 310
ξ65 120 232 250285 289 385 0159
176 230 401 489 492 4419 63 189
0118 284 287 331 474 527 0139
464 147 170203 272281 285 483
υ 10 φ 207 χ470413) 273 395 ’053
85 101 169 267 338 357 ω 45 65
137 207364 Α 35 162351 8255
660 690 Γ99 8175 197 358 528
822 231 356 507 547 1148 183
234 290 320 330 333 348 454 464
466 4920410) 519 541 581584585
744 Λ 243 764 Ν 626 0132 456
685 721 Π 424 647 838 Ρ66 356
668 Σ321 449 455 482 560 Τ265
Τ247 Φ42 82 3685510) Χ51 91 170
220 239 505 Ψ166 196 607 (bis)
705 Ω 1420) 192 381 518 685
πόλλ’(α) α 140229 β 132 y 113 179
264267 656 81 45 39 40176
0505 4470 44[372] 183 530 04268
273 4137 221 ξ67 0[139]176401
095393 016 329 4373 03 391
0174Γ242Δ229Ζ207 3511109
179 [460] 540 567 634 639 A 782
Ξ 67 0255 Φ 230 1161380 12328.
πολλὰ (adverb. 1443144) Η 130·
4400601 054 893 445 ξ12οΑ35
351 8197358 1183 454 464 581

 

