149

313 423 432 440 499999 11 21 21
32 30 33 103 111 199194 231 421
431 443 301 99999 191 199 999
199 999 999 911 949 999 449499
949 999 999 991 999 μ 99 191 194
199 999 999 320 322 334 999499
499 919 49 119 199 999 919994
419 ξ 19 49 99 9999 199944 999
999 919 321 334 333 421 433 449
499 491 499 499 499919 919 99
99 911 914 999 999 449 430 433
303 9 99 191 119 199 994 999 994
919999 333 411 449499 9 99 94 ,
999 999 499494 430 302 311 313
331 333 303 05 199999 130 230
231 91999 99 34 03 130 199199
133 200 240 233 213 213 991999
330 330 301 401 413 499994 312
9 99 191 191 199 919 999 999994
999 999 919994 919 91 99 94
91 199 199 999999 333 333 243
10 03 104 133 213 244 332 414¹
999 199 194919 999999 9 99
99 199 199 999 999 999 999999
499 449 499499 Α 9 19 33 33 30
33 120 132 133 212 211210 203
333 423 301 323 323 999991 999
313 14 30 31 3133 31 33 113
113 149 991 949 949 999 999 999ἴ
403 433 333 331 341 331333 133
133 300 303 334 Γ 99 99 999 994
449 Δ 44 49 133 112 233 233 231
301 303 323 343 330 331314 413
431 313 332 343 9 49 31 99 199
999 949 999 499 919999 999999
999994 333 999999 919 33 131
131 130 300 403 411419499 433
441 3134 33 13 144 230 233 323
999 199 911499491 419 494499,
499 1999949 99 911 994 221'
232 241 233 401 422 491499999
330 334 103 11 23 32 33 33 03
113 113 121 143 199999 214 231
303 323 333 999419 491494499
499 499 999 Λ 99 199 994 994999
941 999 999 499 499 499 994999
999 999 999 999 919 999 999999
999999 999 999 9499 94 99 119
199 199 199 199 994919 999999
999 949 949 999419 199 19 31
11 33 123 214 223 241 231 232
333 403 431 433 440 311 999999
311 914 999999 991 99 119 9991
999 999 991 999 494 499 494 9991

999·

150

0 88 107 110 135 292 326 448 521
556 599 612 618 628 645 652 657
658 727 Π 22 70 74 102 291 344
383 403 423 448 457 498 510 550
570 609 611 630 658 661 675 699
713 790 846 866 Ρ67 164 221 228
253 354 356 363 364 368 403 408
449 502 512 515 527 545 566 598
612 644 661 666 671 Σ34 136 168
191 216 224 247 250 254 259 266
270 296 322 329 373 460 Τ49 80
92 149 150 161 162 186 226 235
334 411 Y 18 98 243 246 262 268
306 Φ 51 76 92 165 304 316 331
379 384 391 439 (bis) 536 566 600
Χ 50 51 241 254 256 275 298 Ψ9
16 20 63 75 123 137 180 205 241
276 280 309 379 381 399 410 427
434 445 451 469 479 524 540 544
580 587 619 621 623 627 672 691
774 819 890 894 ,Ω 49 68 70 223
243 301 384 394 396 401 403 421
525 535 566 630 662 670 708 728
99999 99419911(9.9191.)ρ1999999
ω 376 (0. infin.) Η 132 Σ464 Χ 343.
99 999 y 203 9944 9999 9199 999
π 99 ρ 163 251 9309 v 236 φ 200
372 371 A 288 Π 97 Χ 454.
43 γὰρ δή τ 22 Σ 272.
91 γὰρ δὴ 11 697 ι 523 v 169 φ 402
A 189 K 536.
μὴ γὰρ A 295.
εἰ γάρ y 218 π 148 ρ 513 (34de τοι)
9921 (91119119.) ω 284 (9. indic.) 11 206.
εἰ γὰρ α 255 6732 9496 9366 0266
538 Ν 276 485 825 Ρ156 561 726
(c. 1119119).
εἰ γὰρ δὴ Κ 433.
419919 κεν 9 545.
εἰ γάρ κ’ Ψ 344.
εἰ μὲν γάρ Ω 220.
99 999 999 1313 M 99 999.
εἰ μὲν γάρ κέ 11449.
εἴ περ γάρ Θ 153 Χ 86.
εἴπερ γὰρ υ 42 A 55 Τ 164 Φ 576.
εἴπερ γάρ κεν 3333.
41‘3437434’ 3243 99999199 9999
Ν 288.
εἴπερ γάρ χ’ Μ 302.
εἴπερ γάρ τε Α 81 A 160.
εἴπερ γάρ τ’ A 261 Μ 245.
99 430 33 1 333.
99 999 999 132 11 431.

 

