87 ἀποφώλιος - ἀρα. . 88

ἀποφώλιος θ 177 ξ 212. 657 673 675 715 772 ε 3 92 111 134
ἀποφώλια (accus.) ε 182. 148 192 202 226 244 247 248 255
ἀποφώλιοι (fem.) λ 249. 261 263 298 313 351 355 380 392

ἄπρηκτον (πόλεμον Β 121. 397 407 464 474 480 487 ζ 145 214
ἀπρηιιτον (fem. μ223 Ξ221. 216 223 235 247 252 316 η37 39
ἀπρήκτους β 79 Β 376. 78 100 104 124 154 183 226 301 330

, ἀπριάτην ξ 31] A 99. οε 17 46 65 τι 104 132 134 εει

ἀπροτίμαστος Τ 362. 362 398 419 449 480 498 164 92 122

ἀπτερσς ρ 57 τ 29 φ 386 χ 398. κ214 280 302 348 350 415 451 λ 124

ἀπτῆσι I 323. 243 247 333 μ 16 134 203 204 338

ἀπτοεπὲς 0 209. 365 411 vl 33 47 54 66 84 170 209

ἀπτόλεμος Β 201. 429 ξ76 78411 418 430 452 457 518
ἀπτόλεμον I 35. o 121 160 215 216 220 282 374 381
ἀπτολέμους 1 41. 419 437 473 525 530 τι 13 40 52 160

προτιάπτω Ω 110. 190 213 219 370 393 420 422 453
ἐξάπτων Ω 51. ρ63 64 89 150 199 271 334411 454
ἐξῆπτεν Χ 397 ἀνῆπτον μ 179.v 464 466 481 490 493 603 11404156 ¹
ἅπτεαι ιι 379 ἀπτεται Ρ631. 66 71 118 190 196 211 212 299 394
ἀπτῆταιτ 28 Θ 339. 410 425 τ50 184 207 283 417 442
ἀπτέσθοοΒ358 ἀπτεσθονδ 60 ἐξάπτεσθε 447 464 ν 92 106 157 187 241 268

020. 303 320 348 358 373 φ 52 [66] 96
ἀπτεσθοιιβ423 0288 Β 152 παθάπτε- 244 248 272 285 360 376 410 412 ρ
σθαι Α 582. χ42 79 83 91 178 237 250 261 265 ’
ἀπτόμενοςδ522καθαπτόμενοςβ39γ345 267 277 307 326 329 335 379 389 .
κ 70 6415 ν 22 323 01393 17421 404 493 501 ψ 29 90 141 152 239
ἀπτόμενον (1111135.)Π577 καθαπτόμενοι 271 342 1119 28 34 101 193 223 361 .
6240 ἁπτομένη Π 9 ἀπτόμεναιΩ 712. 367 415 450 490498 534 A 308 330
ῆπτετοΘ67 Λ85 0319 Π 778 7468 428 465 471 529 Β35 84 103419 ξ
ἅπτετ’(ο) Β 171 καθάπτετο 0 127. 428 493 522 615 676 716 784 835 =
ἀψεται τ 344. Γ 7 13 95 153 302 395 424 Δ 85 ζ
ἅψεσθαι ι 379. ’ 198 208 245 254 398 525 E 43 47
ἀνῆψεν y 274, 90 94 239 574 582 592 660 682 694
ἀνάψαι β 86 ι 137. 904 Ζ 51 116 154 232 238 253 302
ἀψας φ 408 ἐξάψας χ 466. 318 323 369 406 418 483 494 Η 2 ¹
ῆψατοΑ 512 Ε 799 076 704 ἅψατο 7 65 92 103 267 303 344 360 379
Ψ 666 ἁψάσθην Κ 377. 398 403 028 53 133 157 177 432
ἐφάψεαι ε 348. 493 Ι 29 50 79 176 189 199 207 209
ἅψασθαι ζ 169 τ348 χ339 Φ 65. 316 324 430 511 664 666 670 693
ἁψάμενος K 455 Ψ 584 Ω 508 ἇψά- 710 Κ 46 133 218 268 313 349 457
μενοιι38657357 ἀψαμένηλ278τ473. 502 Λ 65 79 120 171239 309 376
ἐφῆπταιχ41 Β15 32 69 Η 402 Μ79 403 531 604 804 Μ 25 28 131 135
Φ 513. 154 184 234 251 295 320 351 370
ἀνήφθω μ 51 162. 406424 Ν 191 195 210 246 302337
ἐφῆπτο χ 33 Ζ 241. 446 468 474 487 493 506 521 529

ἀπύργωτον λ 264. 593 594 600 672 689 704 716821833

ἀπορον Ψ 267 885. Ξ 18 85 133 134 182 232 378 384
ἀπύρους I 122 264. 400 444 506 0236 274 300 309 543

ἀπύρωτον, Ψ 270. 726 Π 33 56 60 166 203 294 308 380

ἄπυστος α 242 ε 127. 403 413 481 502 513 552 579 597
ἀπνστος (fem.) ό 675. 607 616 644 676 715 786 855 867

ἀρα α 106 335 346 381 β 12 13 299 Ρ9 90 142 147 188 196211 266268
302 405 413 414 416 430 ψ 12 29 272 298 391 401 423 430 441 593
32 40 68 155 259 340 371 416 430, 673 702 722 Σ5 65 75 138 384 388
456 462 477 481 482 6250113 186, 423 429 444 494 505 516 522 610

 

