749 Στύμφηλον - σύ. 0 750

στύξαιμι λ 502. ⁴
κατέστυγε Ρ 694 ἔστυγον κ 113.
Στύμφηλον Β 608.
1555155 155 5511 3155 3353 5551
15555 11 535.
στυφελίζετε (iptv.) 3416 υ 324.
στυφελίζειν Φ 380.
στυφελιζομένους ττ 108 υ 318.
ἐστυφέλιξε Ε 437 Χ 496 έστυφέλιξεν’
ρ 234 στυφέλιξε 77 381 M 405 Φ 512
ἀπεστυφέλιξεν Π 703 ἐστυφέλιξαν Π 774
ἀπεστυφέλιξαν Σ 158.
στυφελίξῃ A 305.
στυφελίξαι Α 581.
σύ ὃ 376 379 468 θ 180 1412 452 κ 285
330 486 μ 106 ν 299 3 24 327 55 1501
304 (1455 576 5121 385 χ376 1112271
A 393 508 3761 Δ 34 339 Ε 130 237
350 429 812 827 Ζ 123 363 412 429
Η 294 0423 1231 522 K 237 481
A 787 Ν 294 447 049 95 229 247
Π 17 89 523 Ρ166 488 691 Τ34
Φ 106 229 Χ 485 Ψ 894 Ω 290 364
387 398 727.
σέιοι 301 6183 201 251 285 288 350
1199 247 313 316 368 6 148 200
274 388 395 408 480 485 497 547
551 599 602 743 525 29 173 205
515 1555 5153133331 315 8145
197 347 402 413 468 548 1350 356
365 κ 271 294 297 443 1250 374
355 111 515 μ 31 555 355 5 51
133 297 307 349 385 ξ 131 185 386
313 27 76 128 318 540 545 15 82
130 132 142 188 194 256 259 270
277 281 283 299 420 421 ρ 22 194
275 278 375 379 548 557 599 σ 31
106 129 175 327 369 544 81 236
313 325 352 367 381 482 495 500
553 555 5 5ο 151 335 5111 133
234 χ 54 166 217 312 344 367 417
431 482 111351 33 39 93 248 265 321
333 339 382 A 76 83 86 127 146
158 214 243 275 277 280 282 297
401 421 522550 582 Β 33 70 201
256 344 Γ417 Δ 39 61 6364316
355 Ε 228 230 259 261 875 Ζ46
55 86 225 269 279 329 334 4301
Η 24 115 357 035 185 204 374
[466] 1 33 69(1)13)109 255 259 262
301 513 600 611 617 639 141251
164 167 176 238 453 A 131 653
790 828 Μ 164 231 244 248 366

1151153553 ,5551115135133
553531 3535313 511333311
513 1155 33 111 515 513355 551
553 551 115 115 153535113 315
111 388134 385 388 408 7174
181 315315 1131 155 535 310 484
31153 31 153 553553 535553
331 315133115 151 555 111315
55 555 555 555 340 478 483 485
1133 113 313 331555 807 893
47 55 315 500 555 858 889 535 111.

53551155 1535 11531 1131 113

551531315515115511555555155
5511 5531315 5 33 1131355
1111 1555 133131111 7841
0589 Σ 355 535 1515 11553 555
1133 555 51535 353.

515 8180 1353 5353 77301 348 7448
3174 1113 7838 77114 457 8483
1511351335 ,5355 3151 77709
733 7188 3131 11131.

σεοΛ 396.

5515515135 513 5153 1533
1135111151 11111 3155 ,5333
351111333115515311135
11311 750 754 787.

555 55311133513551535131
13115351313511113 0 478

σέθεν γ 213 11160 393 3177 ξ56
531 51 5315 311 515 535 7180
188 7137 189 3534 77 391 8477
11535 Σ 331 7434 0881 153
31511133.

55351533.

τεοῖο 837 [4681.

5515533155 3555115111115553
155551515555 515355555153
551 A 158 159 183 557 Δ 55 1 515
3531 1555 313 7453 785 78'454
3553 1133 7148 3351355153
11351515 11111113 531 11131353.

5515 513 333 318 358 351 111
155 555 553 55 351 353 355
5531531111 1513333153153
533331531131131153135555
335115 1331133 5511 5111
533335 891 5135135511 5553
531 5553 5513 335 5135 334 380
515 133 331 55551 153 789
187 178 394 398 399 443 8803
751 53 788 43 83 1511135 153
513 355333 515 153 551 555155

 

