769 τε. 770
445 μ 34 119 [140] 356 396 452 ν 62 ν 69 (τ’ῗ) 118 299 360 406 0269 521
105 201 229(- μή) 289 338 ξ 20 75 93 π 74 265 317 388 481 ρ 109132 6235
102 123206 267 293410 426 470 519 276 359 τ 38 498 φ 177 χ 14 62 74
0 78 323 373 418 476 482 507 528 231 242 324 41801786-2181) 423 442
π 15 39 123 158 236249 ρ35 39 291 459 ψ 120 145 ω 11 45 89 249-250
436 487 638 45 65 119 131 162 182 (ἅμα-τε - καὶ) 376 475 Α 7 61 179
229 304 832 131 276 373 394 414 307 328329 339-340 3191 371 399
417 459 505526 v 26 98 116 310365 401 503 (07 78-77011) Γ 140 202 221-
391 88224 345 χ204 237 242 376 407 222 392 431 Δ 15 82 122 238 288
474 475 499 ψ61 162 200 227 ω 26 505 Ε 167 236 480 688 704 Ζ 237
63 263 402 427 527 Α 17 237 264 293 317 408 471 Η 132 295 304 0 15 52
320 367 409 Β 1 40 281 (ἅμα θ’ - τε 57 168 220 343 3460748 8181811) 1169
wll) 303 339 410 466 498 532 554 185 354 380 (τὲ-καὶ) 424 457 549
561 573 606 615 647 656 6760) 678 652 681 Κ 14 74 563 Λ 82 (τε-καὶ-
830 855 864 Γ 104 148 227 363 373 τε) 170 457 617 696 708 Μ 7 41 198
Δ 20 44 52 55 60 151 162 187 216 Ν167 208 250 267454 568 637 681
282 288 888 488 (ἅμ’ - τε καὶ) 481 888 8888 81 368(v.730171011) 488
Ε 4 7 176 207 213 418 447 490 501 497 Π47 97 103 248 361 454 588 760
515 568 586 614 624 758 760 769 Ρ39 296 316 Σ141-142 (τε-818141
832 Ζ75 77 95 156 197 211 239- 514 Τ48 336 410 7160 (V. 788177011
240 276 283 310351 452 523 Η 58 319 Φ 66 430 537 Ψ 286 508 825
134 276 308 327 338 385 386 437 Ω 42 443 [558] 658 710.

646 64 (ἅμ’-τε καὶ) 65 114 158 τ’-8878365 β61 117 154 214232
185 193 203 204 214 275 431 444 289 311 735 209 233 429 462 483
447 457 I 150 170 254 292 310 346 0 475 ε 10 41 114 220264 272 ζ 230

379 407 505 599 708 K 52 121 258
318 322 338 408 438 464 523 536
Λ 45 101· 122 179 285 303 328 483
497 525 528 534 549 Μ21 111 120
. 162 284 339 Ν 1 93 129 147 166 304
479 500 537 622 684 709 711 720
791 Ξ 26 29 56 68 174 210 281 308
322 380 425 431 465 514 032 42
121 197 214 233 257 272 278 329
393 424 485 492 589 688 Π 167 214
219 253 417 425 453 505735701 - τε
καὶ) 536 542 637 654 Ρ52 110 152
205 218 400 447 494 644 668 719
731 740 745 758 Σ 41 44 46 47 150
153 165 340 350 365 394 401 405 474
-475 Τ 128 166 214 239-240 259
333 347 392 400 417 Τ 170 232 241
255 377 499 Φ 16 50 203 210 253)
(ἅμα-τεκαὶ) 325 350 353 447 586
587 X 44 203 263 302 349 432 4341
462 473 511 Ψ2 66 167 236 242 272
637 658 716 891 546 60 73 78 141
164 167 204 251 346 350 362 447
474 520 546 622 677 745.
τε - καὶ (conf. ὅς τε 1)) α 291 61140)
123 222 227 y 39 310 323 5 341 475.
781 8102109111 134 467 ζ191 052Ι
148 151 163 249 429 ι 194 229 κ 12
15 444 509 756 396 433590 μ13 67

Olunta, 1116718111.

[314] 321 1117 88-8188 111 289(7’
-- 21810313 0 243 410417 466 529
8173 532 κ 59 61 142 340 510 534
747 67 293364 512 μ 365 ν 69 (77.
τε- 88880198 323 403 ξ 216 245403
(618αὲ- καὶ) 430 ο 245 262 462
a 32 212 ρ 188 848-844 0 140
7 376-377 (ἅμα τ’ — καὶ) 514 υ 46
φ 131 173 249 χ220 0157 319
ω 88 888 828 A 188 418 (888 τ’
- καὶ) 465 Β 25 62 136 341 428
583 591 605 828 Γ 42 AB E 300
450 602 878 908 Ζ 210 233 478511
H117 Θ 255 287 498 141 152 294
392489 529 642 11112123 298 469 s
A 57 (τ’-καὶ (- 0²7) 209 501 736
81188 (τ’-8888)) Ν2 8 88 88
(ἤματ’-8180264322 368 619 Ξ 480
515 055 268 397 Π493 Ρ7 58 537
754 Σ 363 473 Y 160 Φ 183 521
Χ 82 (τ’·- καί 190 269 409 Ψ 90
111806 0366'- 6621—707 - καὶ
-88 288 882 882.

8’-- 88882188111(8’-κ8(-8’))
888888 8888 0 310 (θ’ - 88 36’)
88422 Α 23 377 Γ127 131 237 251
343 397 Α 80 366 071 Λ176(88111’.
010’) 198 Ν 56 Ρ64 (conf. δέ θ’)
Ψ 319 ,Ω 773 (0’ ἅμα --· 7101).

25

 

